timestamp,x,y,yaw,exploration_active,loop_id
0.100000000,-6.25,-1.6,0.0,0,
0.200000000,-6.25,-1.6,0.0,0,
0.300000000,-6.25,-1.6,0.0,0,
0.400000000,-6.25,-1.6,0.0,0,
0.500000000,-6.25,-1.6,0.0,0,
0.600000000,-6.25,-1.6,0.0,0,
0.700000000,-6.25,-1.6,0.0,0,
0.800000000,-6.25,-1.6,0.0,0,
0.900000000,-6.25,-1.6,0.0,0,
1.000000000,-6.25,-1.6,0.0,0,
1.100000000,-6.25,-1.6,0.0,0,
1.200000000,-6.25,-1.6,0.0,0,
1.300000000,-6.25,-1.6,0.0,0,
1.400000000,-6.25,-1.6,0.0,0,
1.500000000,-6.25,-1.6,0.0,0,
1.600000000,-6.25,-1.6,0.0,0,
1.700000000,-6.25,-1.6,0.0,0,
1.800000000,-6.25,-1.6,0.0,0,
1.900000000,-6.25,-1.6,0.0,0,
2.000000000,-6.25,-1.6,0.0,0,
2.100000000,-6.25,-1.6,0.0,0,
2.200000000,-6.25,-1.6,0.0,0,
2.300000000,-6.25,-1.6,0.0,0,
2.400000000,-6.25,-1.6,0.0,0,
2.500000000,-6.25,-1.6,0.0,0,
2.600000000,-6.25,-1.6,0.0,0,
2.700000000,-6.25,-1.6,0.0,0,
2.800000000,-6.25,-1.6,0.0,0,
2.900000000,-6.25,-1.6,0.0,0,
3.000000000,-6.25,-1.6,0.0,0,
3.100000000,-6.25,-1.6,0.0,0,
3.200000000,-6.25,-1.6,0.0,0,
3.300000000,-6.25,-1.6,0.0,0,
3.400000000,-6.25,-1.6,0.0,0,
3.500000000,-6.25,-1.6,0.0,0,
3.600000000,-6.25,-1.6,0.0,0,
3.700000000,-6.25,-1.6,0.0,0,
3.800000000,-6.25,-1.6,0.0,0,
3.900000000,-6.25,-1.6,0.0,0,
4.000000000,-6.25,-1.6,0.0,0,
4.100000000,-6.25,-1.6,0.0,0,
4.200000000,-6.25,-1.6,0.0,0,
4.300000000,-6.25,-1.6,0.0,0,
4.400000000,-6.25,-1.6,0.0,0,
4.500000000,-6.25,-1.6,0.0,0,
4.600000000,-6.25,-1.6,0.0,0,
4.700000000,-6.25,-1.6,0.0,0,
4.800000000,-6.25,-1.6,0.0,0,
4.900000000,-6.25,-1.6,0.0,0,
5.000000000,-6.25,-1.6,0.0,0,
5.100000000,-6.25,-1.6,0.0,0,
5.200000000,-6.25,-1.6,0.0,0,
5.300000000,-6.25,-1.6,0.0,0,
5.400000000,-6.25,-1.6,0.0,0,
5.500000000,-6.25,-1.6,0.0,0,
5.600000000,-6.25,-1.6,0.0,0,
5.700000000,-6.25,-1.6,0.0,0,
5.800000000,-6.25,-1.6,0.0,0,
5.900000000,-6.25,-1.6,0.0,0,
6.000000000,-6.25,-1.6,0.0,0,
6.100000000,-6.25,-1.6,0.0,0,
6.200000000,-6.25,-1.6,0.0,0,
6.300000000,-6.25,-1.6,0.0,0,
6.400000000,-6.25,-1.6,0.0,0,
6.500000000,-6.25,-1.6,0.0,0,
6.600000000,-6.25,-1.6,0.0,0,
6.700000000,-6.25,-1.6,0.0,0,
6.800000000,-6.25,-1.6,0.0,0,
6.900000000,-6.25,-1.6,0.0,0,
7.000000000,-6.25,-1.6,0.0,0,
7.100000000,-6.25,-1.6,0.0,0,
7.200000000,-6.25,-1.6,0.0,0,
7.300000000,-6.25,-1.6,0.0,0,
7.400000000,-6.25,-1.6,0.0,0,
7.500000000,-6.25,-1.6,0.0,0,
7.600000000,-6.25,-1.6,0.0,0,
7.700000000,-6.25,-1.6,0.0,0,
7.800000000,-6.25,-1.6,0.0,0,
7.900000000,-6.25,-1.6,0.0,0,
8.000000000,-6.25,-1.6,0.0,0,
8.100000000,-6.25,-1.6,0.0,0,
8.200000000,-6.25,-1.6,0.0,0,
8.300000000,-6.25,-1.6,0.0,0,
8.400000000,-6.25,-1.6,0.0,0,
8.500000000,-6.25,-1.6,0.0,0,
8.600000000,-6.25,-1.6,0.0,0,
8.700000000,-6.25,-1.6,0.0,0,
8.800000000,-6.25,-1.6,0.0,0,
8.900000000,-6.25,-1.6,0.0,0,
9.000000000,-6.25,-1.6,0.0,0,
9.100000000,-6.25,-1.6,0.0,0,
9.200000000,-6.25,-1.6,0.0,0,
9.300000000,-6.25,-1.6,0.0,0,
9.400000000,-6.25,-1.6,0.0,0,
9.500000000,-6.25,-1.6,0.0,0,
9.600000000,-6.25,-1.6,0.0,0,
9.700000000,-6.25,-1.6,0.0,0,
9.800000000,-6.25,-1.6,0.0,0,
9.900000000,-6.25,-1.6,0.0,0,
10.000000000,-6.25,-1.6,0.0,0,
10.100000000,-6.25,-1.6,0.0,0,
10.200000000,-6.25,-1.6,0.0,0,
10.300000000,-6.25,-1.6,0.0,0,
10.400000000,-6.25,-1.6,0.0,0,
10.500000000,-6.25,-1.6,0.0,0,
10.600000000,-6.25,-1.6,0.0,0,
10.700000000,-6.25,-1.6,0.0,0,
10.800000000,-6.25,-1.6,0.0,0,
10.900000000,-6.25,-1.6,0.0,0,
11.000000000,-6.25,-1.6,0.0,0,
11.100000000,-6.25,-1.6,0.0,0,
11.200000000,-6.175,-1.6,-1.1826054112547266e-16,0,
11.300000000,-6.1,-1.6,-2.365210822509453e-16,0,
11.400000000,-6.0249999999999995,-1.6,-3.54781623376418e-16,0,
11.500000000,-5.949999999999999,-1.6,-4.730421645018906e-16,0,
11.600000000,-5.874999999999999,-1.6,-5.913027056273633e-16,0,
11.700000000,-5.799999999999999,-1.6,-7.09563246752836e-16,0,
11.800000000,-5.724999999999999,-1.6,-8.278237878783086e-16,0,
11.900000000,-5.649999999999999,-1.6,-9.460843290037813e-16,0,
12.000000000,-5.574999999999998,-1.6,-1.0643448701292538e-15,0,
12.100000000,-5.499999999999998,-1.6,-1.1826054112547264e-15,0,
12.200000000,-5.424999999999998,-1.6,-1.300865952380199e-15,0,
12.300000000,-5.349999999999998,-1.6,-1.4191264935056715e-15,0,
12.400000000,-5.274999999999998,-1.6,-1.537387034631144e-15,0,
12.500000000,-5.1999999999999975,-1.6000000000000003,-1.6556475757566166e-15,0,
12.600000000,-5.124999999999997,-1.6000000000000005,-1.7739081168820892e-15,0,
12.700000000,-5.049999999999997,-1.6000000000000008,-1.8921686580075618e-15,0,
12.800000000,-4.974999999999997,-1.600000000000001,-2.0104291991330343e-15,0,
12.900000000,-4.899999999999997,-1.6000000000000012,-2.128689740258507e-15,0,
13.000000000,-4.824999999999997,-1.6000000000000014,-2.2469502813839795e-15,0,
13.100000000,-4.7499999999999964,-1.6000000000000016,-2.365210822509452e-15,0,
13.200000000,-4.674999999999996,-1.6000000000000019,-2.4834713636349246e-15,0,
13.300000000,-4.599999999999996,-1.600000000000002,-2.601731904760397e-15,0,
13.400000000,-4.524999999999996,-1.6000000000000023,-2.7199924458858697e-15,0,
13.500000000,-4.449999999999996,-1.6000000000000025,-2.8382529870113423e-15,0,
13.600000000,-4.374999999999996,-1.6000000000000028,-2.956513528136815e-15,0,
13.700000000,-4.299999999999995,-1.600000000000003,-3.0747740692622874e-15,0,
13.800000000,-4.224999999999995,-1.6000000000000032,-3.19303461038776e-15,0,
13.900000000,-4.149999999999995,-1.6000000000000034,-3.3112951515132325e-15,0,
14.000000000,-4.074999999999995,-1.6000000000000036,-3.429555692638705e-15,0,
14.100000000,-3.9999999999999947,-1.6000000000000039,-3.5478162337641776e-15,0,
14.200000000,-3.9249999999999945,-1.600000000000004,-3.6660767748896506e-15,0,
14.300000000,-3.8499999999999943,-1.6000000000000043,-3.7843373160151235e-15,0,
14.400000000,-3.774999999999994,-1.6000000000000045,-0.004503500586195488,0,
14.500000000,-3.700000760555616,-1.6003377614022476,-0.009007001172387192,0,
14.600000000,-3.6250038027626785,-1.6010132773564312,-0.01492607154784788,0,
14.700000000,-3.550012157143017,-1.6021326911561848,-0.020845141923308563,0,
14.800000000,-3.4750284510508194,-1.6036959635825196,-0.025348642509500276,0,
14.900000000,-3.400052545523502,-1.60559690817898,-0.029852143095691962,0,
15.000000000,-3.325085961183637,-1.60783548639159,-0.034355643681883666,0,
15.100000000,-3.25013021846475,-1.6104116528186632,-0.03885914426807539,0,
15.200000000,-3.1751868375804806,-1.6133253552117233,-0.04336264485426707,0,
15.300000000,-3.100257338493753,-1.616576534476564,-0.047866145440458786,0,
15.400000000,-3.100257338493753,-1.616576534476564,-0.14786614544045878,0,
15.500000000,-3.100257338493753,-1.616576534476564,-0.2478661454404588,0,
15.600000000,-3.100257338493753,-1.616576534476564,-0.34786614544045874,0,
15.700000000,-3.100257338493753,-1.616576534476564,-0.4478661454404589,0,
15.800000000,-3.100257338493753,-1.616576534476564,-0.5478661454404588,0,
15.900000000,-3.100257338493753,-1.616576534476564,-0.6478661454404588,0,
16.000000000,-3.100257338493753,-1.616576534476564,-0.7478661454404587,0,
16.100000000,-3.100257338493753,-1.616576534476564,-0.8478661454404589,0,
16.200000000,-3.100257338493753,-1.616576534476564,-0.9478661454404587,0,
16.300000000,-3.100257338493753,-1.616576534476564,-1.0478661454404588,0,
16.400000000,-3.100257338493753,-1.616576534476564,-1.147866145440459,0,
16.500000000,-3.100257338493753,-1.616576534476564,-1.247866145440459,0,
16.600000000,-3.100257338493753,-1.616576534476564,-1.3478661454404592,0,
16.700000000,-3.100257338493753,-1.616576534476564,-1.4478661454404593,0,
16.800000000,-3.100257338493753,-1.616576534476564,-1.547866145440459,0,
16.900000000,-3.100257338493753,-1.616576534476564,-1.647866145440459,0,
17.000000000,-3.100257338493753,-1.616576534476564,-1.7478661454404594,0,
17.100000000,-3.100257338493753,-1.616576534476564,-1.84786614544046,0,
17.200000000,-3.100257338493753,-1.616576534476564,-1.9478661454404609,0,
17.300000000,-3.100257338493753,-1.616576534476564,-2.0478661454404596,0,
17.400000000,-3.100257338493753,-1.616576534476564,-2.1478661454404597,0,
17.500000000,-3.100257338493753,-1.616576534476564,-2.24786614544046,0,
17.600000000,-3.100257338493753,-1.616576534476564,-2.34786614544046,0,
17.700000000,-3.100257338493753,-1.616576534476564,-2.44786614544046,0,
17.800000000,-3.100257338493753,-1.616576534476564,-2.54786614544046,0,
17.900000000,-3.100257338493753,-1.616576534476564,-2.64786614544046,0,
18.000000000,-3.100257338493753,-1.616576534476564,-2.7478661454404603,0,
18.100000000,-3.100257338493753,-1.616576534476564,-2.8478661454404604,0,
18.200000000,-3.100257338493753,-1.616576534476564,-2.9478661454404604,0,
18.300000000,-3.100257338493753,-1.616576534476564,-3.0478661454404605,0,
18.400000000,-3.100257338493753,-1.616576534476564,3.1353191617391256,0,
18.500000000,-3.100257338493753,-1.616576534476564,3.0353191617391255,0,
18.600000000,-3.100257338493753,-1.616576534476564,2.9353191617391254,0,
18.700000000,-3.100257338493753,-1.616576534476564,2.8353191617391253,0,
18.800000000,-3.100257338493753,-1.616576534476564,2.7353191617391253,0,
18.900000000,-3.100257338493753,-1.616576534476564,2.635319161739125,0,
19.000000000,-3.100257338493753,-1.616576534476564,2.535319161739125,0,
19.100000000,-3.100257338493753,-1.616576534476564,2.435319161739125,0,
19.200000000,-3.100257338493753,-1.616576534476564,2.335319161739125,0,
19.300000000,-3.100257338493753,-1.616576534476564,2.235319161739125,0,
19.400000000,-3.100257338493753,-1.616576534476564,2.1353191617391247,0,
19.500000000,-3.100257338493753,-1.616576534476564,2.0353191617391246,0,
19.600000000,-3.100257338493753,-1.616576534476564,1.9353191617391245,0,
19.700000000,-3.100257338493753,-1.616576534476564,1.835319161739125,0,
19.800000000,-3.100257338493753,-1.616576534476564,1.735319161739124,0,
19.900000000,-3.100257338493753,-1.616576534476564,1.6353191617391243,0,
20.000000000,-3.100257338493753,-1.616576534476564,1.5353191617391242,0,
20.100000000,-3.100257338493753,-1.616576534476564,1.4353191617391239,0,
20.200000000,-3.100257338493753,-1.616576534476564,1.3353191617391242,0,
20.300000000,-3.100257338493753,-1.616576534476564,1.2353191617391244,0,
20.400000000,-3.100257338493753,-1.616576534476564,1.135319161739124,0,
20.500000000,-3.100257338493753,-1.616576534476564,1.0353191617391238,0,
20.600000000,-3.100257338493753,-1.616576534476564,0.9353191617391238,0,
20.700000000,-3.100257338493753,-1.616576534476564,0.8353191617391239,0,
20.800000000,-3.100257338493753,-1.616576534476564,0.7353191617391238,0,
20.900000000,-3.100257338493753,-1.616576534476564,0.635319161739124,0,
21.000000000,-3.100257338493753,-1.616576534476564,0.535319161739124,0,
21.100000000,-3.100257338493753,-1.616576534476564,0.43531916173912394,0,
21.200000000,-3.100257338493753,-1.616576534476564,0.3353191617391239,0,
21.300000000,-3.100257338493753,-1.616576534476564,0.23531916173912396,0,
21.400000000,-3.100257338493753,-1.616576534476564,0.1353191617391239,0,
21.500000000,-3.100257338493753,-1.616576534476564,0.03531916173912389,0,
21.600000000,-3.100257338493753,-1.616576534476564,-0.0646808382608761,0,
21.700000000,-3.100257338493753,-1.616576534476564,-0.16468083826087612,0,
21.800000000,-3.100257338493753,-1.616576534476564,-0.2646808382608762,0,
21.900000000,-3.100257338493753,-1.616576534476564,-0.3646808382608761,0,
22.000000000,-3.100257338493753,-1.616576534476564,-0.4646808382608762,0,
22.100000000,-3.100257338493753,-1.616576534476564,-0.5646808382608761,0,
22.200000000,-3.100257338493753,-1.616576534476564,-0.5646808382608761,0,
22.300000000,-3.100257338493753,-1.616576534476564,-0.5646808382608761,0,
22.400000000,-3.100257338493753,-1.616576534476564,-0.5646808382608761,0,
22.500000000,-3.100257338493753,-1.616576534476564,-0.5646808382608761,0,
22.600000000,-3.100257338493753,-1.616576534476564,-0.5646808382608761,1,
22.700000000,-3.100257338493753,-1.616576534476564,-0.5646808382608761,1,
22.800000000,-3.100257338493753,-1.616576534476564,-0.5646808382608761,1,
22.900000000,-3.100257338493753,-1.616576534476564,-0.5646808382608761,1,
23.000000000,-3.0513295288116242,-1.6475717877089064,-0.6067616162078509,1,
23.100000000,-3.0037489526819403,-1.6805979146146608,-0.6488423941548257,1,
23.200000000,-2.9842088430095988,-1.6954167313745303,-0.7243186665391121,1,
23.300000000,-2.9658417711047087,-1.711666774014792,-0.7997949389233984,1,
23.400000000,-2.9647639965964343,-1.7127760369862672,-0.8982483096108053,1,
23.500000000,-2.9638004756730174,-1.713985867412695,-0.9967016802982118,1,
23.600000000,-2.9629605402649806,-1.7152845477971232,-1.0951550509856185,1,
23.700000000,-2.96225232534758,-1.7166595001095124,-1.1936084216730252,1,
23.800000000,-2.9616826901516258,-1.718097407607964,-1.292061792360432,1,
23.900000000,-2.9612571517301918,-1.7195843438145502,-1.3905151630478385,1,
24.000000000,-2.956859895627518,-1.7437106231575656,-1.4659914354321248,1,
24.100000000,-2.954294391655014,-1.7680997888984593,-1.5414677078164107,1,
24.200000000,-2.953575247699611,-1.7926129700086524,-1.6169439802006977,1,
24.300000000,-2.954706558541009,-1.8171105893205335,-1.6924202525849836,1,
24.400000000,-2.95768188253615,-1.8414531582748088,-1.76789652496927,1,
24.500000000,-2.962484278297701,-1.8655020711633192,-1.8433727973535574,1,
24.600000000,-2.9738129992413955,-1.9060292467637112,-1.9012920193145857,1,
24.700000000,-2.987468713935585,-1.9458326804919215,-1.959211241275616,1,
24.800000000,-3.0100170609606134,-2.000935735748563,-1.9996732311293426,1,
24.900000000,-3.03477592368031,-2.055081588489146,-2.0401352209830694,1,
25.000000000,-3.0620740698326,-2.1089098074752957,-2.0797807187270436,1,
25.100000000,-3.091484253194162,-2.1616137642263027,-2.119426216471017,1,
25.200000000,-3.122960253908066,-2.213110631331312,-2.1590717142149902,1,
25.300000000,-3.156452605562227,-2.263319478392828,-2.1987172119589635,1,
25.400000000,-3.1919086729288177,-2.3121613992136605,-2.238362709702937,1,
25.500000000,-3.2292727346836703,-2.359559635802718,-2.27800820744691,1,
25.600000000,-3.2684860709756585,-2.4054396990047686,-2.3176537051908834,1,
25.700000000,-3.3094870557084457,-2.449729485564589,-2.3572992029348567,1,
25.800000000,-3.3625786181654025,-2.5027038755646545,-2.365935605627163,1,
25.900000000,-3.4161257031295436,-2.555217775551639,-2.3745720083194692,1,
26.000000000,-3.470124316685093,-2.6072672686719227,-2.3818679740385353,1,
26.100000000,-3.5245012409922043,-2.6589214079339283,-2.3891639397576014,1,
26.200000000,-3.5792535815193642,-2.7101774437423862,-2.3964599054766675,1,
26.300000000,-3.634378423751324,-2.7610326476934226,-2.4037558711957336,1,
26.400000000,-3.689872833344242,-2.8114843127197973,-2.4110518369147997,1,
26.500000000,-3.745733856281879,-2.8615297532350006,-2.418347802633866,1,
26.600000000,-3.801958519032847,-2.9111663052762125,-2.425643768352932,1,
26.700000000,-3.8585438287088896,-2.960391326646105,-2.432939734071998,1,
26.800000000,-3.915486773224198,-3.0092021970534897,-2.43430120286516,1,
26.900000000,-3.972496119421168,-3.0579354962050354,-2.4356626716583216,1,
27.000000000,-4.029571761627447,-3.106591133768845,-2.4369194120827786,1,
27.100000000,-4.086708506251705,-3.155175003661457,-2.4381761525072356,1,
27.200000000,-4.143906263052381,-3.203687029149688,-2.439354346655164,1,
27.300000000,-4.201161136725084,-3.2521316309204,-2.4405325408030922,1,
27.400000000,-4.254652253720834,-3.2972836010052915,-2.4416321886744923,1,
27.500000000,-4.308192989632964,-3.342376722409642,-2.4427318365458923,1,
27.600000000,-4.357955401855397,-3.38419421073456,-2.4437529381407637,1,
27.700000000,-4.407760488032084,-3.4259608647893547,-2.444774039735635,1,
27.800000000,-4.465277074418714,-3.4740944527548208,-2.4641340003101218,1,
27.900000000,-4.523714688456236,-3.521105571286522,-2.4834939608846085,1,
28.000000000,-4.583051427939221,-3.5669766007880317,-2.5028539214590952,1,
28.100000000,-4.643265053673292,-3.6116903489641494,-2.522213882033582,1,
28.200000000,-4.704332997810289,-3.655230057264512,-2.5402197889432343,1,
28.300000000,-4.76617497228666,-3.6976631833909686,-2.5582256958528866,1,
28.400000000,-4.824597863997936,-3.736221784559742,-2.575031208968562,1,
28.500000000,-4.883660472429167,-3.773793160436852,-2.5918367220842375,1,
28.600000000,-4.939082856858986,-3.807754304471076,-2.607441841405936,1,
28.700000000,-4.995028439398792,-3.840846475664303,-2.6230469607276348,1,
28.800000000,-5.058890699020023,-3.8772883480443014,-2.6495187466429067,1,
28.900000000,-5.123695152814982,-3.9120271021213644,-2.6759905325581785,1,
29.000000000,-5.189396391361351,-3.945038395945792,-2.7024623184734504,1,
29.100000000,-5.2559483768467095,-3.9762990980243806,-2.7289341043887223,1,
29.200000000,-5.323304475327895,-4.005787303528997,-2.755405890303994,1,
29.300000000,-5.391417489408085,-4.033482349645611,-2.781877676219266,1,
29.400000000,-5.460239691308702,-4.0593648300530285,-2.808349462134538,1,
29.500000000,-5.529722856312958,-4.083416608521181,-2.83482124804981,1,
29.600000000,-5.599818296557613,-4.105620831619448,-2.8612930339650817,1,
29.700000000,-5.670476895149273,-4.1259619405261,-2.8877648198803536,1,
29.800000000,-5.743073767980314,-4.144795263524277,-2.8652525525110284,1,
29.900000000,-5.815228300470197,-4.165257996508082,-2.842740285141703,1,
30.000000000,-5.875754384325887,-4.18390482691448,-2.8092070113252947,1,
30.100000000,-5.935621269082404,-4.204570431688138,-2.7756737375088862,1,
30.200000000,-5.993205316305461,-4.226635229062929,-2.7454635492723027,1,
30.300000000,-6.050096608035538,-4.250429318729505,-2.7152533610357192,1,
30.400000000,-6.107760702235821,-4.2766202207982005,-2.6890198354520516,1,
30.500000000,-6.164717954526384,-4.304314670108853,-2.662786309868384,1,
30.600000000,-6.225366896777562,-4.335797208892403,-2.6417642316338004,1,
30.700000000,-6.285340658648579,-4.368547664331725,-2.620742153399217,1,
30.800000000,-6.350395378839174,-4.405869017213465,-2.597215790680149,1,
30.900000000,-6.414554141609967,-4.444710401840189,-2.5736894279610816,1,
31.000000000,-6.477781437381749,-4.485050320895483,-2.550163065242014,1,
31.100000000,-6.540042272108961,-4.526866447677753,-2.5266367025229464,1,
31.200000000,-6.601302186647645,-4.570135638457256,-2.503110339803879,1,
31.300000000,-6.6615272758273525,-4.6148339452853255,-2.479583977084811,1,
31.400000000,-6.720684207216435,-4.660936629248707,-2.4560576143657435,1,
31.500000000,-6.778740239570357,-4.708418174161655,-2.432531251646676,1,
31.600000000,-6.835663240952805,-4.757252300688234,-2.421315227210656,1,
31.700000000,-6.892034948666034,-4.80672179198837,-2.410099202774636,1,
31.800000000,-6.9478482712684215,-4.856820424904667,-2.400156756312888,1,
31.900000000,-7.003160740488322,-4.90747149348962,-2.3902143098511397,1,
32.000000000,-7.0579668886092035,-4.958669990812803,-2.3802718633893916,1,
32.100000000,-7.112261297965098,-5.0104108558296785,-2.3703294169276434,1,
32.200000000,-7.166038601476145,-5.062688973881888,-2.3603869704658953,1,
32.300000000,-7.2192934831791336,-5.115499177202843,-2.350444524004147,1,
32.400000000,-7.2720206787529955,-5.16883624542857,-2.340502077542399,1,
32.500000000,-7.324214976039189,-5.222694906113742,-2.330559631080651,1,
32.600000000,-7.375871215556927,-5.2770698352528775,-2.3206171846189028,1,
32.700000000,-7.426984291013205,-5.33195565780662,-2.3106747381571546,1,
32.800000000,-7.477549149807556,-5.387346948233069,-2.3151782387433464,1,
32.900000000,-7.5283629497024265,-5.442509958849279,-2.319681739329538,1,
33.000000000,-7.579424660118582,-5.497443570867574,-2.32418523991573,1,
33.100000000,-7.6307332454488,-5.552146670152823,-2.3286887405019217,1,
33.200000000,-7.682287665078866,-5.606618147245032,-2.3331922410881134,1,
33.300000000,-7.734086873408682,-5.660856897381852,-2.337695741674305,1,
33.400000000,-7.78612981987347,-5.71486182052098,-2.342199242260497,1,
33.500000000,-7.838415448965085,-5.768631821362472,-2.3467027428466887,1,
33.600000000,-7.869931799738083,-5.800752214167563,-2.3582567790494613,1,
33.700000000,-7.901817158809212,-5.8325063300725155,-2.369810815252234,1,
33.800000000,-7.955567343570224,-5.884812330093135,-2.392323082621559,1,
33.900000000,-8.010481335748823,-5.935895139951332,-2.4148353499908843,1,
34.000000000,-8.066531305989306,-5.985728871860961,-2.4373476173602096,1,
34.100000000,-8.123688849244125,-6.034288271044574,-2.4598598847295348,1,
34.200000000,-8.181924999169015,-6.081548728532053,-2.48237215209886,1,
34.300000000,-8.241210242802584,-6.127486293631962,-2.504884419468185,1,
34.400000000,-8.301514535522914,-6.1720776860693,-2.5273966868375104,1,
34.500000000,-8.362807316273598,-6.215300307783497,-2.5499089542068356,1,
34.600000000,-8.425057523051494,-6.257132254380676,-2.572421221576161,1,
34.700000000,-8.488233608648354,-6.297552326234376,-2.594933488945486,1,
34.800000000,-8.551871936427073,-6.33627739058576,-2.6204387416709927,1,
34.900000000,-8.616477151862947,-6.373366924284299,-2.6459439943964993,1,
35.000000000,-8.682007230384045,-6.408796801231718,-2.671449247122006,1,
35.100000000,-8.748419545811048,-6.442543974907668,-2.6969544998475126,1,
35.200000000,-8.815670898084834,-6.474586493361089,-2.722459752573019,1,
35.300000000,-8.883717541367362,-6.504903513489573,-2.747965005298526,1,
35.400000000,-8.952515212497593,-6.533475314597438,-2.7734702580240325,1,
35.500000000,-9.022019159783893,-6.560283311223701,-2.798975510749539,1,
35.600000000,-9.092184172114248,-6.585310065231599,-2.8244807634750457,1,
35.700000000,-9.162964608365295,-6.60853929715179,-2.8499860162005524,1,
35.800000000,-9.234314427091089,-6.629955896771871,-2.875491268926059,1,
35.900000000,-9.306187216472264,-6.649545932965305,-2.9009965216515656,1,
36.000000000,-9.346271978853034,-6.659380674380244,-2.959722918539872,1,
36.100000000,-9.38686486614446,-6.666845780887664,-3.018449315428178,1,
36.200000000,-9.389888668363398,-6.66722003567042,-3.1154024405535456,1,
36.300000000,-9.392934498330494,-6.667299824850156,3.070829741500673,1,
36.400000000,-9.39447725697079,-6.667190472171331,2.9723763708132664,1,
36.500000000,-9.396001795862498,-6.666930004518364,2.8739230001258598,1,
36.600000000,-9.397493349481934,-6.666520944582753,2.775469629438453,1,
36.700000000,-9.39893747177566,-6.66596725420778,2.6770162587510464,1,
36.800000000,-9.40032017607397,-6.665274296017117,2.5785628880636398,1,
36.900000000,-9.401628070555129,-6.664448781476525,2.4801095173762335,1,
37.000000000,-9.402848487948367,-6.663498705891714,2.3816561466888264,1,
37.100000000,-9.403969608219427,-6.662433270971884,2.2832027760014197,1,
37.200000000,-9.404980573050421,-6.661262795708983,2.184749405314013,1,
37.300000000,-9.40587159100524,-6.659998616435794,2.0862960346266073,1,
37.400000000,-9.406634032361948,-6.658652977030844,1.9878426639391997,1,
37.500000000,-9.407260512693703,-6.657238910333515,1.889389293251793,1,
37.600000000,-9.407744964388701,-6.655770111917875,1.7909359225643864,1,
37.700000000,-9.408082695416443,-6.6542608074477725,1.6924825518769797,1,
37.800000000,-9.408270434771172,-6.652725614897876,1.594029181189573,1,
37.900000000,-9.40830636415235,-6.651179402975098,1.4955758105021664,1,
38.000000000,-9.40819013557533,-6.649637147111612,1.3971224398147595,1,
38.100000000,-9.407922874741669,-6.648113784424211,1.298669069127353,1,
38.200000000,-9.407507170136444,-6.646624069044762,1.2002156984399464,1,
38.300000000,-9.406947047958154,-6.645182429222906,1.1017623277525395,1,
38.400000000,-9.40624793312402,-6.643802827585017,1.0033089570651328,1,
38.500000000,-9.405416596728369,-6.642498625902823,0.9048555863777266,1,
38.600000000,-9.404461090462968,-6.641282455681451,0.8064022156903197,1,
38.700000000,-9.40339066863446,-6.640166095820284,0.7079488450029132,1,
38.800000000,-9.402215698534192,-6.6391603585315,0.6094954743155064,1,
38.900000000,-9.400947560028523,-6.638274984621214,0.5110421036280998,1,
39.000000000,-9.399598535342095,-6.637518549147441,0.412588732940693,1,
39.100000000,-9.39818169010155,-6.63689837836861,0.31413536225328637,1,
39.200000000,-9.396710746791811,-6.636420478786997,0.21568199156587967,1,
39.300000000,-9.395199951850538,-6.636089478974316,0.11722862087847294,1,
39.400000000,-9.393663937687968,-6.635908584742897,0.018775250191066274,1,
39.500000000,-9.392117580968533,-6.635879548096622,-0.07967812049634043,1,
39.600000000,-9.390575858526793,-6.636002650262354,-0.17813149118374716,1,
39.700000000,-9.389053702313225,-6.636276698966181,-0.27658486187115383,1,
39.800000000,-9.347799619399801,-6.6479870999227675,-0.33370091560227905,1,
39.900000000,-9.307281296918998,-6.662033394485155,-0.39081696933340443,1,
40.000000000,-9.261051389429726,-6.681080590027295,-0.44081696928853215,1,
40.100000000,-9.215831220295955,-6.7024145139045475,-0.49081696924365986,1,
40.200000000,-9.171733816390109,-6.725981842417806,-0.5408169691987875,1,
40.300000000,-9.128869398256269,-6.751723669519521,-0.5908169691539151,1,
40.400000000,-9.08734510461622,-6.779575654048138,-0.6408169691090427,1,
40.500000000,-9.047264724578444,-6.809468180547493,-0.6908169690641706,1,
40.600000000,-8.99620723978455,-6.851677939539102,-0.7245709842227596,1,
40.700000000,-8.946603316297889,-6.89558672319725,-0.7583249993813485,1,
40.800000000,-8.892154146004998,-6.947164701583532,-0.7695410238173684,1,
40.900000000,-8.838286888244228,-6.999350126189784,-0.7807570482533888,1,
41.000000000,-8.785008319402698,-7.052136432199943,-0.7919730726894084,1,
41.100000000,-8.732325141811701,-7.105516979208339,-0.8031890971254287,1,
41.200000000,-8.680243982903574,-7.159485052055036,-0.8144051215614488,1,
41.300000000,-8.628771394377976,-7.214033861670594,-0.825621145997469,1,
41.400000000,-8.577913851377696,-7.269156545930113,-0.8368371704334888,1,
41.500000000,-8.5276777516741,-7.324846170516478,-0.8480531948695091,1,
41.600000000,-8.478069414862297,-7.381095729792679,-0.8592692193055294,1,
41.700000000,-8.429095081566158,-7.437898147683105,-0.8704852437415493,1,
41.800000000,-8.380760912653248,-7.4952462785637035,-0.8817012681775694,1,
41.900000000,-8.333072988459806,-7.553132908160879,-0.8929172926135899,1,
42.000000000,-8.286037308025854,-7.611550754459037,-0.8842808899212833,1,
42.100000000,-8.238498867943505,-7.6695602081242535,-0.8756444872289769,1,
42.200000000,-8.190461213961811,-7.727156942406112,-0.8670080845366708,1,
42.300000000,-8.141927929064686,-7.784336661337692,-0.8583716818443644,1,
42.400000000,-8.09290263320366,-7.841095100055992,-0.8497352791520582,1,
42.500000000,-8.043388983027883,-7.897428025120033,-0.841098876459752,1,
42.600000000,-7.993390671611379,-7.953331234826616,-0.832462473767446,1,
42.700000000,-7.9429114281775925,-8.008800559523719,-0.8238260710751399,1,
42.800000000,-7.8919550178212425,-8.063831861921493,-0.8165301053560734,1,
42.900000000,-7.8405984607584935,-8.118489926712158,-0.8092341396370074,1,
43.000000000,-7.788844490744053,-8.172771844398845,-0.8019381739179414,1,
43.100000000,-7.736695862687269,-8.226674725507328,-0.7946422081988752,1,
43.200000000,-7.6841553525054875,-8.28019570073983,-0.7873462424798091,1,
43.300000000,-7.631225756976281,-8.333331921127758,-0.7800502767607427,1,
43.400000000,-7.577909893588579,-8.386080558183362,-0.7727543110416768,1,
43.500000000,-7.524210600392689,-8.438438804050293,-0.7654583453226106,1,
43.600000000,-7.470130735849224,-8.490403871653063,-0.7581623796035445,1,
43.700000000,-7.415673178676945,-8.541972994845414,-0.7508664138844784,1,
43.800000000,-7.360840827699523,-8.593143428557557,-0.7508664138844786,1,
43.900000000,-7.3060084767221,-8.6443138622697,-0.7508664138844787,1,
44.000000000,-7.251176125744678,-8.695484295981842,-0.7508664138844788,1,
44.100000000,-7.196343774767255,-8.746654729693985,-0.7508664138844788,1,
44.200000000,-7.141511423789833,-8.797825163406127,-0.7508664138844791,1,
44.300000000,-7.0866790728124105,-8.84899559711827,-0.7508664138844792,1,
44.400000000,-7.031846721834988,-8.900166030830412,-0.7508664138844794,1,
44.500000000,-6.977014370857566,-8.951336464542555,-0.7508664138844795,1,
44.600000000,-6.922182019880143,-9.002506898254698,-0.7524130430230496,1,
44.700000000,-6.8674288761361515,-9.053762076043384,-0.7539596721616196,1,
44.800000000,-6.812755070598462,-9.10510187530309,-0.75550630130019,1,
44.900000000,-6.758160734050165,-9.156526173225874,-0.7570529304387603,1,
45.000000000,-6.703645997084254,-9.208034846801667,-0.7585995595773303,1,
45.100000000,-6.6492109901033185,-9.259627772818568,-0.7601461887159005,1,
45.200000000,-6.594855843319227,-9.311304827863141,-0.7616928178544705,1,
45.300000000,-6.540580686752817,-9.363065888320707,-0.7632394469930407,1,
45.400000000,-6.486385650233586,-9.41491083037564,-0.7647860761316112,1,
45.500000000,-6.43227086339938,-9.466839530011663,-0.7663327052701813,1,
45.600000000,-6.378236455696081,-9.51885186301215,-0.7678793344087513,1,
45.700000000,-6.3242825563773,-9.570947704960417,-0.7694259635473215,1,
45.800000000,-6.270409294504066,-9.623126931240021,-0.7694259635473215,1,
45.900000000,-6.216536032630833,-9.675306157519625,-0.7694259635473217,1,
46.000000000,-6.162662770757599,-9.727485383799229,-0.7694259635473218,1,
46.100000000,-6.108789508884366,-9.779664610078832,-0.7694259635473222,1,
46.200000000,-6.054916247011132,-9.831843836358436,-0.7694259635473221,1,
46.300000000,-6.001042985137898,-9.88402306263804,-0.7694259635473222,1,
46.400000000,-5.947169723264665,-9.936202288917643,-0.7694259635473223,1,
46.500000000,-5.893296461391431,-9.988381515197247,-0.7694259635473225,1,
46.600000000,-5.8394231995181975,-10.04056074147685,-0.7694259635473227,1,
46.700000000,-5.785549937644964,-10.092739967756454,-0.7694259635473228,1,
46.800000000,-5.73167667577173,-10.144919194036058,-0.7694259635473226,1,
46.900000000,-5.677803413898497,-10.197098420315662,-0.7694259635473228,1,
47.000000000,-5.636199448336409,-10.237394156228241,-0.7273451856003483,1,
47.100000000,-5.592937137809681,-10.27590400913781,-0.6852644076533734,1,
47.200000000,-5.572441311513317,-10.292657413561292,-0.6117361936782622,1,
47.300000000,-5.550770126331145,-10.307859886654427,-0.5382079797031509,1,
47.400000000,-5.528870585626907,-10.320933831706018,-0.46371323253994096,1,
47.500000000,-5.506058742546975,-10.332341624549734,-0.38921848537673087,1,
47.600000000,-5.4798170647151565,-10.343104429442645,-0.31758155334533805,1,
47.700000000,-5.452872337233325,-10.351961363761115,-0.24594462131394534,1,
47.800000000,-5.425362777277718,-10.358866994481096,-0.17430768928255258,1,
47.900000000,-5.3974294994207215,-10.363785898094262,-0.10267075725115982,1,
48.000000000,-5.369215791761686,-10.366692842318416,-0.03103382521976706,1,
48.100000000,-5.340866380908312,-10.367572915530406,0.0406031068116257,1,
48.200000000,-5.31252668957897,-10.366421603257619,0.11224003884301849,1,
48.300000000,-5.284342090634218,-10.363244811335676,0.18387697087441118,1,
48.400000000,-5.256457161364072,-10.358058835613521,0.255513902905804,1,
48.500000000,-5.229014941856278,-10.350890278361335,0.3271508349371968,1,
48.600000000,-5.186142566126682,-10.336341772418667,0.3818772264454547,1,
48.700000000,-5.144130165149223,-10.319469967833124,0.4366036179537126,1,
48.800000000,-5.076165683005136,-10.287755157934813,0.45703370036435775,1,
48.900000000,-5.008863275263737,-10.254658543119842,0.47746378277500284,1,
49.000000000,-4.942251032183315,-10.220193937046439,0.49789386518564793,1,
49.100000000,-4.876356755965544,-10.184375724336476,0.518323947596293,1,
49.200000000,-4.8112079491515765,-10.147218854571703,0.538754030006938,1,
49.300000000,-4.746831803143205,-10.108738836054181,0.5591841124175829,1,
49.400000000,-4.683255186853883,-10.06895172933353,0.5796141948282278,1,
49.500000000,-4.620504635494351,-10.027874140503675,0.6000442772388732,1,
49.600000000,-4.558606339497526,-9.985523214271897,0.6137171508248932,1,
49.700000000,-4.497292870094069,-9.942329945470945,0.6273900244109132,1,
49.800000000,-4.436575689503517,-9.898302408847437,0.6410628979969333,1,
49.900000000,-4.376466148472461,-9.853448835109822,0.6547357715829535,1,
50.000000000,-4.3169754841525805,-9.807777609389689,0.6684086451689737,1,
50.100000000,-4.258114817999922,-9.761297269674222,0.6820815187549936,1,
50.200000000,-4.199895153695801,-9.714016505210061,0.6957543923410136,1,
50.300000000,-4.1423273750897245,-9.6659441548789,0.7094272659270339,1,
50.400000000,-4.085422244164716,-9.617089205545104,0.7231001395130539,1,
50.500000000,-4.02919039902542,-9.567460790375666,0.7367730130990738,1,
50.600000000,-3.9736423519093638,-9.517068187132804,0.7504458866850942,1,
50.700000000,-3.9187884872217573,-9.465920816439544,0.7641187602711139,1,
50.800000000,-3.8646390595941806,-9.414028240018578,0.7714147259901805,1,
50.900000000,-3.810869676277146,-9.361741975878692,0.7787106917092463,1,
51.000000000,-3.7574831994622255,-9.309064807263722,0.7860066574283124,1,
51.100000000,-3.704482470958541,-9.255999538225689,0.7933026231473785,1,
51.200000000,-3.651870312041493,-9.202548993475544,0.8005985888664447,1,
51.300000000,-3.5996495233025794,-9.1487160182328,0.8078945545855107,1,
51.400000000,-3.547822884500322,-9.094503478074085,0.8151905203045767,1,
51.500000000,-3.496393154412292,-9.039914258780598,0.8224864860236429,1,
51.600000000,-3.445363070688263,-8.9849512661845,0.8224864860236428,1,
51.700000000,-3.3943329869642342,-8.929988273588403,0.8224864860236429,1,
51.800000000,-3.3433029032402053,-8.875025280992306,0.8209398568850725,1,
51.900000000,-3.2921878732177166,-8.820141278716596,0.8193932277465025,1,
52.000000000,-3.240988019167049,-8.765336398047166,0.8178465986079325,1,
52.100000000,-3.1897034635613877,-8.710610770080647,0.8162999694693621,1,
52.200000000,-3.138334329076529,-8.655964525724091,0.8147533403307916,1,
52.300000000,-3.0868807385905876,-8.601397795694657,0.8132067111922217,1,
52.400000000,-3.0353428151837014,-8.546910710519306,0.8116600820536515,1,
52.500000000,-2.9837206821377382,-8.492503400534481,0.8101134529150814,1,
52.600000000,-2.9320144629360003,-8.438175995885798,0.8085668237765111,1,
52.700000000,-2.880224281262929,-8.383928626527734,0.8070201946379408,1,
52.800000000,-2.8283502610038096,-8.329761422223317,0.8054735654993709,1,
52.900000000,-2.7763925262444737,-8.275674512543816,0.803926936360801,1,
53.000000000,-2.724351201271004,-8.22166802686843,0.8039269363608008,1,
53.100000000,-2.672309876297534,-8.167661541193045,0.8039269363608004,1,
53.200000000,-2.620268551324064,-8.11365505551766,0.8039269363608003,1,
53.300000000,-2.568227226350594,-8.059648569842274,0.8039269363608001,1,
53.400000000,-2.516185901377124,-8.005642084166888,0.8039269363608003,1,
53.500000000,-2.4641445764036543,-7.951635598491502,0.8039269363607999,1,
53.600000000,-2.4121032514301843,-7.897629112816116,0.8039269363607999,1,
53.700000000,-2.3600619264567144,-7.843622627140729,0.8039269363607997,1,
53.800000000,-2.3080206014832445,-7.789616141465343,0.8039269363607995,1,
53.900000000,-2.2559792765097746,-7.735609655789957,0.8039269363607995,1,
54.000000000,-2.2039379515363047,-7.68160317011457,0.8039269363607995,1,
54.100000000,-2.1518966265628348,-7.627596684439184,0.8039269363607994,1,
54.200000000,-2.099855301589365,-7.573590198763798,0.8039269363607991,1,
54.300000000,-2.047813976615895,-7.519583713088411,0.803926936360799,1,
54.400000000,-1.9957726516424248,-7.465577227413025,0.8039269363607987,1,
54.500000000,-1.9437313266689547,-7.411570741737639,0.8039269363607984,1,
54.600000000,-1.8916900016954845,-7.357564256062252,0.8039269363607985,1,
54.700000000,-1.8396486767220144,-7.303557770386866,0.8039269363607984,1,
54.800000000,-1.7876073517485442,-7.24955128471148,0.8039269363607984,1,
54.900000000,-1.735566026775074,-7.195544799036093,0.8039269363607984,1,
55.000000000,-1.683524701801604,-7.141538313360707,0.8039269363607982,1,
55.100000000,-1.6314833768281338,-7.0875318276853205,0.8039269363607982,1,
55.200000000,-1.5794420518546637,-7.033525342009934,0.8039269363607982,1,
55.300000000,-1.5274007268811935,-6.979518856334548,0.8039269363607982,1,
55.400000000,-1.4753594019077234,-6.9255123706591615,0.803926936360798,1,
55.500000000,-1.4233180769342533,-6.871505884983775,0.8039269363607976,1,
55.600000000,-1.3712767519607831,-6.817499399308389,0.8039269363607976,1,
55.700000000,-1.319235426987313,-6.763492913633002,0.8039269363607976,1,
55.800000000,-1.2671941020138429,-6.709486427957616,0.8039269363607974,1,
55.900000000,-1.2151527770403727,-6.65547994228223,0.8039269363607976,1,
56.000000000,-1.1631114520669026,-6.601473456606843,0.8039269363607974,1,
56.100000000,-1.1110701270934324,-6.547466970931457,0.8039269363607973,1,
56.200000000,-1.0590288021199623,-6.493460485256071,0.803926936360797,1,
56.300000000,-1.0069874771464922,-6.439453999580684,0.8039269363607969,1,
56.400000000,-0.9549461521730219,-6.385447513905298,0.8039269363607969,1,
56.500000000,-0.9029048271995517,-6.331441028229912,0.803926936360797,1,
56.600000000,-0.8508635022260814,-6.277434542554525,0.8039269363607967,1,
56.700000000,-0.7988221772526112,-6.223428056879139,0.8039269363607964,1,
56.800000000,-0.7467808522791409,-6.169421571203753,0.8039269363607963,1,
56.900000000,-0.6947395273056707,-6.115415085528366,0.8039269363607962,1,
57.000000000,-0.6426982023322004,-6.06140859985298,0.8039269363607963,1,
57.100000000,-0.5906568773587302,-6.007402114177594,0.8039269363607959,1,
57.200000000,-0.5386155523852599,-5.953395628502209,0.8039269363607957,1,
57.300000000,-0.4865742274117897,-5.8993891428268235,0.8039269363607955,1,
57.400000000,-0.43453290243831943,-5.845382657151438,0.8039269363607954,1,
57.500000000,-0.38249157746484913,-5.7913761714760525,0.8039269363607955,1,
57.600000000,-0.3304502524913788,-5.737369685800667,0.8039269363607952,1,
57.700000000,-0.2784089275179085,-5.683363200125282,0.8039269363607954,1,
57.800000000,-0.22636760254443822,-5.629356714449896,0.8039269363607952,1,
57.900000000,-0.1743262775709679,-5.575350228774511,0.803926936360795,1,
58.000000000,-0.12228495259749761,-5.521343743099125,0.8039269363607949,1,
58.100000000,-0.07024362762402729,-5.46733725742374,0.8039269363607945,1,
58.200000000,-0.01820230265055696,-5.413330771748354,0.8039269363607946,1,
58.300000000,0.03383902232291337,-5.359324286072969,0.8039269363607945,1,
58.400000000,0.08588034729638372,-5.305317800397583,0.8039269363607945,1,
58.500000000,0.13792167226985408,-5.251311314722198,0.8039269363607944,1,
58.600000000,0.18996299724332444,-5.1973048290468125,0.8039269363607942,1,
58.700000000,0.2420043222167948,-5.143298343371427,0.8039269363607942,1,
58.800000000,0.29404564719026516,-5.0892918576960415,0.8039269363607942,1,
58.900000000,0.3460869721637355,-5.035285372020656,0.8039269363607942,1,
59.000000000,0.3981282971372059,-4.981278886345271,0.8039269363607942,1,
59.100000000,0.45016962211067624,-4.927272400669885,0.803926936360794,1,
59.200000000,0.5022109470841466,-4.8732659149945,0.8039269363607936,1,
59.300000000,0.554252272057617,-4.819259429319114,0.8039269363607935,1,
59.400000000,0.6062935970310873,-4.765252943643729,0.8039269363607934,1,
59.500000000,0.6583349220045577,-4.711246457968343,0.8039269363607935,1,
59.600000000,0.7103762469780281,-4.657239972292958,0.8039269363607934,1,
59.700000000,0.7624175719514985,-4.603233486617572,0.803926936360793,1,
59.800000000,0.814458896924969,-4.549227000942187,0.8039269363607927,1,
59.900000000,0.8665002218984394,-4.495220515266801,0.8039269363607926,1,
60.000000000,0.9185415468719099,-4.441214029591416,0.8039269363607927,1,
60.100000000,0.9705828718453804,-4.3872075439160305,0.8039269363607927,1,
60.200000000,1.0226241968188508,-4.333201058240645,0.8039269363607925,1,
60.300000000,1.074665521792321,-4.27919457256526,0.8039269363607924,1,
60.400000000,1.1267068467657915,-4.225188086889874,0.8039269363607923,1,
60.500000000,1.1787481717392618,-4.171181601214489,0.803926936360792,1,
60.600000000,1.2307894967127324,-4.117175115539103,0.8039269363607922,1,
60.700000000,1.282830821686203,-4.063168629863718,0.8039269363607919,1,
60.800000000,1.3348721466596736,-4.009162144188332,0.8039269363607917,1,
60.900000000,1.3869134716331442,-3.955155658512947,0.8039269363607916,1,
61.000000000,1.4389547966066147,-3.9011491728375614,0.8039269363607914,1,
61.100000000,1.4909961215800853,-3.847142687162176,0.8039269363607916,1,
61.200000000,1.543037446553556,-3.7931362014867904,0.8039269363607914,1,
61.300000000,1.5950787715270265,-3.739129715811405,0.8039269363607912,1,
61.400000000,1.647120096500497,-3.6851232301360195,0.8039269363607912,1,
61.500000000,1.6991614214739676,-3.631116744460634,0.803926936360791,1,
61.600000000,1.7512027464474382,-3.5771102587852486,0.803926936360791,1,
61.700000000,1.8032440714209088,-3.523103773109863,0.8039269363607907,1,
61.800000000,1.8552853963943794,-3.4690972874344776,0.8039269363607906,1,
61.900000000,1.90732672136785,-3.415090801759092,0.8039269363607906,1,
62.000000000,1.9593680463413206,-3.3610843160837067,0.8039269363607906,1,
62.100000000,2.011409371314791,-3.3070778304083213,0.8039269363607906,1,
62.200000000,2.0634506962882613,-3.253071344732936,0.8039269363607903,1,
62.300000000,2.1154920212617316,-3.1990648590575503,0.8039269363607902,1,
62.400000000,2.167533346235202,-3.145058373382165,0.80392693636079,1,
62.500000000,2.219574671208673,-3.0910518877067794,0.8039269363607902,1,
62.600000000,2.2716159961821436,-3.037045402031394,0.8039269363607902,1,
62.700000000,2.3236573211556144,-2.9830389163560085,0.8039269363607898,1,
62.800000000,2.375698646129085,-2.929032430680623,0.8039269363607897,1,
62.900000000,2.427739971102556,-2.8750259450052376,0.8039269363607895,1,
63.000000000,2.479781296076027,-2.821019459329852,0.8039269363607894,1,
63.100000000,2.5318226210494976,-2.7670129736544666,0.8039269363607895,1,
63.200000000,2.5838639460229684,-2.713006487979081,0.8039269363607893,1,
63.300000000,2.6359052709964392,-2.6590000023036957,0.803926936360789,1,
63.400000000,2.68794659596991,-2.6049935166283102,0.8039269363607889,1,
63.500000000,2.739987920943381,-2.550987030952925,0.8039269363607886,1,
63.600000000,2.7920292459168516,-2.4969805452775393,0.8039269363607889,1,
63.700000000,2.8440705708903224,-2.442974059602154,0.8039269363607886,1,
63.800000000,2.8961118958637933,-2.3889675739267684,0.8175998099468088,1,
63.900000000,2.9474099555720388,-2.3342546040734575,0.8312726835328288,1,
64.000000000,2.9979551601218746,-2.278845378334279,0.8449455571188488,1,
64.100000000,3.0477380603622928,-2.22275025516254,0.8586184307048691,1,
64.200000000,3.096749349650929,-2.165979721236342,0.872291304290889,1,
64.300000000,3.1449798655938883,-2.1085443894981517,0.8859641778769092,1,
64.400000000,3.1924205917586046,-2.0504549971707706,0.899637051462929,1,
64.500000000,3.2390626593594147,-1.991722403750069,0.9133099250489493,1,
64.600000000,3.2848973489155293,-1.932357588974862,0.9269827986349695,1,
64.700000000,3.329916091881091,-1.872371650774308,0.9406556722209896,1,
64.800000000,3.3741104722470197,-1.8117758031932103,0.9307132257592413,1,
64.900000000,3.4189051293186528,-1.7516223436265752,0.9207707792974933,1,
65.000000000,3.4642956350802017,-1.69191721832974,0.9108283328357448,1,
65.100000000,3.5102775026153847,-1.6326663292395593,0.9008858863739968,1,
65.200000000,3.5568461865509646,-1.5738755333909906,0.8909434399122484,1,
65.300000000,3.603997083506065,-1.5155506423381175,0.8810009934505001,1,
65.400000000,3.6517255325472218,-1.4576974215796699,0.8710585469887517,1,
65.500000000,3.700026815649123,-1.4003215899890953,0.8611161005270036,1,
65.600000000,3.748896158160992,-1.343428819249241,0.8511736540652555,1,
65.700000000,3.798328729278569,-1.2870247332916995,0.8412312076035073,1,
65.800000000,3.8483196425216413,-1.2311149077408754,0.8353121372280464,1,
65.900000000,3.8986406123013135,-1.175501959604373,0.8293930668525857,1,
66.000000000,3.949289875607725,-1.1201878372980596,0.8234739964771252,1,
66.100000000,4.0002656579291545,-1.0651744787683517,0.8175549261016645,1,
66.200000000,4.051566173314193,-1.0104638114243194,0.8116358557262039,1,
66.300000000,4.103189624434315,-0.956057752070159,0.8057167853507431,1,
66.400000000,4.1551342026468445,-0.9019582068380365,0.7997977149752824,1,
66.500000000,4.207398088058325,-0.8481670711213065,0.7938786445998218,1,
66.600000000,4.259979449588279,-0.7946862295081062,0.7923320154612513,1,
66.700000000,4.312643463224333,-0.7412867756930953,0.7907853863226812,1,
66.800000000,4.365390002990943,-0.6879688374110363,0.7892387571841111,1,
66.900000000,4.418218942715156,-0.6347325422017015,0.787692128045541,1,
67.000000000,4.4711301560269145,-0.5815780174095678,0.7861454989069708,1,
67.100000000,4.524123516359357,-0.5285053901835124,0.7845988697684009,1,
67.200000000,4.577198896949123,-0.47551478747650855,0.7830522406298303,1,
67.300000000,4.630356170836651,-0.4226063360453217,0.7815056114912602,1,
67.400000000,4.68359521086649,-0.36978016245020656,0.77995898235269,1,
67.500000000,4.736915889687595,-0.31703639305460407,0.7784123532141197,1,
67.600000000,4.79031807975364,-0.2643751540248394,0.7768657240755497,1,
67.700000000,4.843801653323316,-0.21179657132982,0.7753190949369795,1,
67.800000000,4.897366482460643,-0.15930077074073426,0.7616462213509594,1,
67.900000000,4.951644050852565,-0.10754223937188444,0.7479733477649391,1,
68.000000000,5.00662421160296,-0.0565306531991265,0.7343004741789187,1,
68.100000000,5.062296686469885,-0.006275548560975619,0.7206276005928985,1,
68.200000000,5.1186510677870425,0.043213679624160395,0.7069547270068784,1,
68.300000000,5.1756768204094294,0.09192777961431002,0.6932818534208582,1,
68.400000000,5.2333632836828325,0.13985764457350083,0.6796089798348381,1,
68.500000000,5.291699673436777,0.18699431427423294,0.6659361062488179,1,
68.600000000,5.350675084000566,0.23332897677254477,0.641412378746148,1,
68.700000000,5.410768945900593,0.278203554898032,0.6168886512434781,1,
68.800000000,5.471532993991701,0.3212987730906823,0.5913833985179716,1,
68.900000000,5.5333763143684065,0.36283034055778873,0.5658781457924649,1,
69.000000000,5.596258679023607,0.4027712417351665,0.5403728930669579,1,
69.100000000,5.660139184069921,0.4410954957594588,0.5148676403414512,1,
69.200000000,5.7249762763469585,0.47777817336823775,0.4893623876159444,1,
69.300000000,5.790727780450928,0.5127954131160571,0.4638571348904378,1,
69.400000000,5.857802790591502,0.5463504874661752,0.4455880997852694,1,
69.500000000,5.925479592376603,0.5786746347888833,0.42731906468010117,1,
69.600000000,5.993735598784563,0.6097570669529938,0.41016292581686603,1,
69.700000000,6.062514788801622,0.6396639728544296,0.3930067869536308,1,
69.800000000,6.131796918932054,0.6683865501167502,0.3769867518806003,1,
69.900000000,6.201530275930582,0.6959955870741621,0.3609667168075697,1,
70.000000000,6.271696963704958,0.7224839982528889,0.3449466817345393,1,
70.100000000,6.342278974954637,0.747844985772111,0.3289266466615087,1,
70.200000000,6.413258195792108,0.7720720410885467,0.3140672352382747,1,
70.300000000,6.484589567127525,0.7952417511300813,0.2992078238150406,1,
70.400000000,6.556257339133546,0.817349000070033,0.2843484123918063,1,
70.500000000,6.628245687706216,0.8383889066710536,0.26948900096857237,1,
70.600000000,6.700538717958903,0.858356825362897,0.25581612738255216,1,
70.700000000,6.773098001138669,0.8773344549419196,0.24214325379653184,1,
70.800000000,6.845909972682269,0.8953182476435162,0.22847038021051158,1,
70.900000000,6.918961020787744,0.9123048414954787,0.2147975066244913,1,
71.000000000,6.9922374889590735,0.9282910609464995,0.20112463303847103,1,
71.100000000,7.06572567855918,0.9432739174598223,0.18745175945245074,1,
71.200000000,7.139411851370818,0.9572506100719336,0.1749928213670192,1,
71.300000000,7.213266435526167,0.9703081902168361,0.16253388328158772,1,
71.400000000,7.287277967085485,0.9824446310560654,0.15007494519615616,1,
71.500000000,7.361434957747163,0.9936580487332832,0.1376160071107246,1,
71.600000000,7.435725896630976,1.0039467026666964,0.12515706902529314,1,
71.700000000,7.510139252064836,1.0133089958192343,0.11269813093986157,1,
71.800000000,7.584663473374774,1.021743474946447,0.10023919285443003,1,
71.900000000,7.659286992677874,1.0292488308220813,0.0877802547689985,1,
72.000000000,7.7339982266778735,1.0358238984413044,0.07532131668356695,1,
72.100000000,7.80878557846316,1.0414676572015382,0.06286237859813543,1,
72.200000000,7.883637439306883,1.0461792310608813,0.050403440512703866,1,
72.300000000,7.958542190468889,1.0499578886740903,0.037944502427272334,1,
72.400000000,8.033488204999228,1.0528030435061022,0.025485564341840808,1,
72.500000000,8.10846384954292,1.0547142539230776,0.013026626256409253,1,
72.600000000,8.18345748614572,1.055691223260953,0.0018106018203892028,1,
72.700000000,8.258457363210292,1.0558270183232865,-0.00940542261563085,1,
72.800000000,8.3334540459107,1.0551216220273465,-0.020621447051650903,1,
72.900000000,8.40843809982285,1.053575123110495,-0.03183747148767095,1,
73.000000000,8.483400092111324,1.051187716119026,-0.043053495923690996,1,
73.100000000,8.558330592716008,1.04795970138369,-0.05426952035971107,1,
73.200000000,8.633220175538376,1.0438914849819152,-0.0642119668214593,1,
73.300000000,8.70806560953229,1.0390788962541517,-0.07415441328320752,1,
73.400000000,8.782859496119771,1.0335224109316645,-0.08145037900227384,1,
73.500000000,8.857610852468296,1.0274203847062406,-0.08874634472134013,1,
73.600000000,8.932315699497414,1.0207731423941038,-0.1059024835845753,1,
73.700000000,9.006895517323649,1.0128452944512223,-0.12305862244781055,1,
73.800000000,9.081328355176385,1.0036391742484299,-0.13907865752084103,1,
73.900000000,9.155604165894664,0.9932418696870291,-0.15509869259387155,1,
74.000000000,9.22970388762892,0.9816560490900378,-0.1346686101832265,1,
74.100000000,9.304024828527838,0.9715864044141026,-0.11423852777258145,1,
74.200000000,9.378535968981629,0.9630371384645806,-0.11874202835877311,1,
74.300000000,9.453007852343124,0.9541523993805241,-0.12324552894496481,1,
74.400000000,9.52743896821207,0.9449323673576199,-0.14151456405013305,1,
74.500000000,9.601689231730452,0.934354164889769,-0.15978359915530133,1,
74.600000000,9.675733861994521,0.9224213224347065,-0.17580363422833178,1,
74.700000000,9.749577834620464,0.9093038643418058,-0.19182366930136227,1,
74.800000000,9.823202198583934,0.8950051570235016,-0.20549654288738256,1,
74.900000000,9.896624182384098,0.8797011609816707,-0.21916941647340282,1,
75.000000000,9.969830060180525,0.8633947372151145,-0.23162835455883438,1,
75.100000000,10.042827100885997,0.8461775351124577,-0.24408729264426585,1,
75.200000000,10.11560397367135,0.8280522271817062,-0.2553033170802859,1,
75.300000000,10.188172979234032,0.8091118092443078,-0.26651934151630596,1,
75.400000000,10.260524988546601,0.7893586639647869,-0.27646178797805426,1,
75.500000000,10.332677030455741,0.7688871508711784,-0.28640423443980245,1,
75.600000000,10.404621972629123,0.7476992936017713,-0.29504063713210893,1,
75.700000000,10.47638124713142,0.725890888733374,-0.3036770398244154,1,
75.800000000,10.547949501654497,0.7034635628892155,-0.31097300554348184,1,
75.900000000,10.61935222380816,0.6805146790591347,-0.3182689712625481,1,
76.000000000,10.690585612762703,0.6570454588324046,-0.32418804163800885,1,
76.100000000,10.761678838720943,0.6331550167508828,-0.33010711201346943,1,
76.200000000,10.832629410910963,0.6088441898231792,-0.3346106125996611,1,
76.300000000,10.903469780156325,0.5842140845619193,-0.33911411318585283,1,
76.400000000,10.974198509709266,0.5592652005021702,-0.3421609878916006,1,
76.500000000,11.044850894953147,0.5341009310045222,-0.34520786259734837,1,
76.600000000,11.115426279990908,0.5087215096799181,-0.34675449173591866,1,
76.700000000,11.185962328081457,0.48323296480643074,-0.34830112087448883,1,
76.800000000,11.256458870498248,0.4576353573542196,-0.3483011208744889,1,
76.900000000,11.326955412915039,0.4320377499020085,-0.34830112087448906,1,
77.000000000,11.39745195533183,0.40644014244979737,-0.34830112087448917,1,
77.100000000,11.46794849774862,0.38084253499758625,-0.3483011208744893,1,
77.200000000,11.538445040165412,0.35524492754537507,-0.3467544917359193,1,
77.300000000,11.60898108825596,0.3297563826718876,-0.34520786259734926,1,
77.400000000,11.679556473293722,0.3043769613472835,-0.34366123345877925,1,
77.500000000,11.750171026458053,0.2791067242806921,-0.34211460432020924,1,
77.600000000,11.820824578834623,0.2539457319200675,-0.33906772961446163,1,
77.700000000,11.891554465529826,0.22900012853823187,-0.3360208549087142,1,
77.800000000,11.962360029927122,0.20427014571615493,-0.33151735432252266,1,
77.900000000,12.033276247419158,0.1798592854973431,-0.32701385373633113,1,
78.000000000,12.085854056141319,0.16202532517583254,-0.2825339051661828,1,
78.100000000,12.139172853832253,0.14654689103130247,-0.2380539565960345,1,
78.200000000,12.160047579641184,0.14148153241038655,-0.1595344602110923,1,
78.300000000,12.18125530975929,0.13806916976933442,-0.08101496382615023,1,
78.400000000,12.18125530975929,0.13806916976933442,0.018985036173849813,1,
78.500000000,12.18125530975929,0.13806916976933442,0.11898503617384983,1,
78.600000000,12.18125530975929,0.13806916976933442,0.2189850361738498,1,
78.700000000,12.18125530975929,0.13806916976933442,0.31898503617384977,1,
78.800000000,12.18125530975929,0.13806916976933442,0.41898503617384986,1,
78.900000000,12.18125530975929,0.13806916976933442,0.5189850361738498,1,
79.000000000,12.18125530975929,0.13806916976933442,0.6189850361738498,1,
79.100000000,12.18125530975929,0.13806916976933442,0.7189850361738499,1,
79.200000000,12.18125530975929,0.13806916976933442,0.8189850361738494,1,
79.300000000,12.18125530975929,0.13806916976933442,0.9189850361738497,1,
79.400000000,12.18125530975929,0.13806916976933442,1.0189850361738497,1,
79.500000000,12.18125530975929,0.13806916976933442,1.1189850361738498,1,
79.600000000,12.18125530975929,0.13806916976933442,1.2189850361738501,1,
79.700000000,12.18125530975929,0.13806916976933442,1.31898503617385,1,
79.800000000,12.185807195803072,0.15576204917654288,1.4007160009427928,1,
79.900000000,12.188899440410493,0.1737674836773117,1.4824469657117365,1,
80.000000000,12.190511399036211,0.191965264796519,1.564177930480679,1,
80.100000000,12.190632309868931,0.21023389990821062,1.6459088952496226,1,
80.200000000,12.18926136567977,0.22845142334867316,1.7276398600185656,1,
80.300000000,12.186407719211495,0.2464962106876168,1.809370824787509,1,
80.400000000,12.18209042207269,0.26424779072120463,1.891101789556451,1,
80.500000000,12.176338297544778,0.28158764976587347,1.9728327543253943,1,
80.600000000,12.16179698813435,0.3157867447094145,2.0356705722806447,1,
80.700000000,12.14513679559295,0.3490051998030914,2.0985083902358945,1,
80.800000000,12.111338575534406,0.40699327760229004,2.1313895639203833,1,
80.900000000,12.075652252172185,0.463838885795525,2.1642707376048724,1,
81.000000000,12.038116405068891,0.5194805700637948,2.1971519112893616,1,
81.100000000,11.998771613259477,0.5738581776191622,2.2300330849738508,1,
81.200000000,11.958195038759126,0.6262229759996196,2.2637871001324394,1,
81.300000000,11.915874390605781,0.6771885844771935,2.297541115291028,1,
81.400000000,11.871277930412251,0.7273492521778795,2.3304222889755173,1,
81.500000000,11.825056531820124,0.7760166864451525,2.3633034626600065,1,
81.600000000,11.777881727684267,0.8225254852078813,2.397057477818595,1,
81.700000000,11.729164234298612,0.8674157552652888,2.430811492977184,1,
81.800000000,11.672325299964085,0.9163477033535811,2.435314993563375,1,
81.900000000,11.615266577706494,0.9650231819267931,2.4398184941495664,1,
82.000000000,11.55798922476136,1.0134412037740215,2.442865368855314,1,
82.100000000,11.5005646142638,1.0616844842305098,2.445912243561062,1,
82.200000000,11.442993279311638,1.1097525754327409,2.4489591182668096,1,
82.300000000,11.38527575436481,1.1576450311435562,2.4520059929725573,1,
82.400000000,11.3274125752404,1.205361406756299,2.455052867678305,1,
82.500000000,11.269404279107658,1.2529012592989404,2.4580997423840527,1,
82.600000000,11.211251404483022,1.300264147438193,2.453596241797861,1,
82.700000000,11.153312417645159,1.3478884459023368,2.449092741211669,1,
82.800000000,11.095588493682659,1.3957731887999598,2.4431736708362086,1,
82.900000000,11.038149012415511,1.4439987628427955,2.437254600460748,1,
83.000000000,10.980995986252704,1.492563478433784,2.4327510998745563,1,
83.100000000,10.924062250149804,1.5413850893593284,2.4282475992883645,1,
83.200000000,10.867348958807424,1.5904626054447444,2.4237440987021728,1,
83.300000000,10.810857262455233,1.6397950313252116,2.419240598115981,1,
83.400000000,10.754588306828623,1.6893813664659607,2.4147370975297893,1,
83.500000000,10.698543233145477,1.7392206051825658,2.4102335969435975,1,
83.600000000,10.642723178083019,1.789311736661342,2.4057300963574058,1,
83.700000000,10.587129273754758,1.839653744979845,2.401226595771214,1,
83.800000000,10.531762647687536,1.890245609127476,2.3967230951850227,1,
83.900000000,10.47662442279865,1.9410863030261898,2.3922195945988305,1,
84.000000000,10.421715717373088,1.9921747955513047,2.3891727198930828,1,
84.100000000,10.3669629268131,2.0434303506248193,2.386125845187335,1,
84.200000000,10.312366559412839,2.0948524924189504,2.3816223446011433,1,
84.300000000,10.258002324523149,2.1465199866959006,2.3771188440149515,1,
84.400000000,10.20387132473135,2.19843178556225,2.37261534342876,1,
84.500000000,10.14997465789441,2.25058683616972,2.368111842842568,1,
84.600000000,10.09631341711667,2.3029840807365245,2.3636083422563763,1,
84.700000000,10.04288869072769,2.3556224565688257,2.3591048416701845,1,
84.800000000,9.989701562260162,2.4085008960822853,2.3621517163759322,1,
84.900000000,9.936353566941795,2.461217035883218,2.36519859108168,1,
85.000000000,9.882845200025413,2.5137703865845933,2.3682454657874277,1,
85.100000000,9.829176958252637,2.566160460310623,2.3712923404931754,1,
85.200000000,9.775349339849278,2.61838677070129,2.374339215198923,1,
85.300000000,9.721362844520709,2.670448832916865,2.377386089904671,1,
85.400000000,9.667217973447228,2.7223461636424067,2.3804329646104185,1,
85.500000000,9.612915229279405,2.774078281092247,2.3834798393161662,1,
85.600000000,9.558455116133416,2.8256447050144664,2.386526714021914,1,
85.700000000,9.503838139586358,2.87704495669535,2.3895735887276617,1,
85.800000000,9.449064806671565,2.928278558963834,2.3911202178662316,1,
85.900000000,9.394212299916802,2.9794273859564324,2.3926668470048016,1,
86.000000000,9.339280750532625,3.0304913153220197,2.3942134761433715,1,
86.100000000,9.28427028991866,3.081470224912551,2.3957601052819415,1,
86.200000000,9.229181049663302,3.1323639927833544,2.3973067344205115,1,
86.300000000,9.17401316154338,3.1831724971934214,2.3988533635590814,1,
86.400000000,9.118766757523861,3.2338956166056994,2.4003999926976514,1,
86.500000000,9.063441969757527,3.2845332296873813,2.4019466218362213,1,
86.600000000,9.008038930584656,3.335085215310197,2.4034932509747913,1,
86.700000000,8.952557772532709,3.3855514525507022,2.4050398801133612,1,
86.800000000,8.896998628316013,3.4359318206905685,2.4005363795271695,1,
86.900000000,8.841666934760756,3.486561887728912,2.3960328789409777,1,
87.000000000,8.786563814075754,3.537440626812877,2.391529378354786,1,
87.100000000,8.731690383834026,3.5885670060461674,2.387025877768594,1,
87.200000000,8.67704775695013,3.63993998850998,2.3825223771824025,1,
87.300000000,8.622637041657585,3.6915585322840316,2.3780188765962107,1,
87.400000000,8.568459341486404,3.743421590467691,2.373515376010019,1,
87.500000000,8.514515755240705,3.795528111201212,2.369011875423827,1,
87.600000000,8.46080737697643,3.847877037687067,2.367465246285257,1,
87.700000000,8.407180027291815,3.9003089684716956,2.3659186171466864,1,
87.800000000,8.353633834466766,3.95282377813471,2.364371988008116,1,
87.900000000,8.300168926587054,4.00542134105747,2.3628253588695456,1,
88.000000000,8.246785431544009,4.058101531423387,2.361278729730975,1,
88.100000000,8.19348347703422,4.110864223218218,2.359732100592405,1,
88.200000000,8.140263190559226,4.163709290230377,2.3581854714538344,1,
88.300000000,8.08712469942521,4.216636606051228,2.356638842315264,1,
88.400000000,8.034068130742696,4.269646044075391,2.3550922131766936,1,
88.500000000,7.981093611426243,4.322737477501046,2.353545584038123,1,
88.600000000,7.928201268194145,4.375910779330233,2.351998954899553,1,
88.700000000,7.875391227568124,4.429165822369161,2.3504523257609824,1,
88.800000000,7.82266361587303,4.482502479228505,2.3504523257609824,1,
88.900000000,7.769936004177937,4.53583913608785,2.3504523257609824,1,
89.000000000,7.717208392482843,4.589175792947194,2.3504523257609824,1,
89.100000000,7.664480780787749,4.642512449806539,2.3504523257609824,1,
89.200000000,7.611753169092656,4.695849106665883,2.3504523257609824,1,
89.300000000,7.559025557397562,4.749185763525228,2.3504523257609824,1,
89.400000000,7.506297945702468,4.802522420384572,2.3504523257609824,1,
89.500000000,7.453570334007375,4.855859077243917,2.3504523257609824,1,
89.600000000,7.400842722312281,4.909195734103261,2.3504523257609824,1,
89.700000000,7.348115110617187,4.962532390962606,2.3504523257609824,1,
89.800000000,7.295387498922094,5.01586904782195,2.3504523257609824,1,
89.900000000,7.242659887227,5.069205704681295,2.3504523257609824,1,
90.000000000,7.189932275531906,5.122542361540639,2.3519989548995524,1,
90.100000000,7.137122234905886,5.1757974045795665,2.3535455840381223,1,
90.200000000,7.084229891673787,5.228970706408754,2.3550922131766923,1,
90.300000000,7.031255372357334,5.282062139834409,2.356638842315262,1,
90.400000000,6.978198803674819,5.335071577858572,2.358185471453832,1,
90.500000000,6.925060312540803,5.3879988936794225,2.359732100592402,1,
90.600000000,6.87184002606581,5.4408439606915815,2.361278729730972,1,
90.700000000,6.818538071556022,5.493606652486414,2.362825358869542,1,
90.800000000,6.765154576512977,5.54628684285233,2.362825358869542,1,
90.900000000,6.711771081469932,5.598967033218247,2.362825358869542,1,
91.000000000,6.658387586426887,5.651647223584163,2.362825358869542,1,
91.100000000,6.605004091383842,5.70432741395008,2.362825358869542,1,
91.200000000,6.551620596340797,5.757007604315996,2.362825358869542,1,
91.300000000,6.498237101297752,5.8096877946819125,2.362825358869542,1,
91.400000000,6.444853606254707,5.862367985047829,2.362825358869542,1,
91.500000000,6.391470111211662,5.915048175413745,2.362825358869542,1,
91.600000000,6.338086616168617,5.967728365779662,2.362825358869542,1,
91.700000000,6.284703121125572,6.020408556145578,2.362825358869542,1,
91.800000000,6.231319626082527,6.073088746511495,2.362825358869542,1,
91.900000000,6.177936131039482,6.125768936877411,2.362825358869542,1,
92.000000000,6.124552635996437,6.1784491272433275,2.362825358869542,1,
92.100000000,6.071169140953392,6.231129317609244,2.362825358869542,1,
92.200000000,6.017785645910347,6.28380950797516,2.362825358869542,1,
92.300000000,5.964402150867302,6.336489698341077,2.362825358869542,1,
92.400000000,5.9110186558242575,6.389169888706993,2.362825358869542,1,
92.500000000,5.8576351607812125,6.44185007907291,2.362825358869542,1,
92.600000000,5.8042516657381675,6.494530269438826,2.362825358869542,1,
92.700000000,5.750868170695123,6.5472104598047425,2.362825358869542,1,
92.800000000,5.697484675652078,6.599890650170659,2.362825358869542,1,
92.900000000,5.644101180609033,6.652570840536575,2.362825358869542,1,
93.000000000,5.590717685565988,6.705251030902492,2.362825358869542,1,
93.100000000,5.537334190522943,6.757931221268408,2.362825358869542,1,
93.200000000,5.483950695479898,6.810611411634325,2.362825358869542,1,
93.300000000,5.430567200436853,6.863291602000241,2.362825358869542,1,
93.400000000,5.377183705393808,6.9159717923661574,2.362825358869542,1,
93.500000000,5.323800210350763,6.968651982732074,2.362825358869542,1,
93.600000000,5.270416715307718,7.02133217309799,2.362825358869542,1,
93.700000000,5.217033220264673,7.074012363463907,2.362825358869542,1,
93.800000000,5.163649725221628,7.126692553829823,2.362825358869542,1,
93.900000000,5.110266230178583,7.17937274419574,2.362825358869542,1,
94.000000000,5.056882735135538,7.232052934561656,2.362825358869542,1,
94.100000000,5.003499240092493,7.284733124927572,2.362825358869542,1,
94.200000000,4.950115745049448,7.337413315293489,2.362825358869542,1,
94.300000000,4.896732250006403,7.390093505659405,2.362825358869542,1,
94.400000000,4.843348754963358,7.442773696025322,2.362825358869542,1,
94.500000000,4.789965259920313,7.495453886391238,2.362825358869542,1,
94.600000000,4.736581764877268,7.5481340767571545,2.362825358869542,1,
94.700000000,4.683198269834223,7.600814267123071,2.362825358869542,1,
94.800000000,4.629814774791178,7.653494457488987,2.351609334433522,1,
94.900000000,4.5770254874277105,7.706770072357867,2.340393309997502,1,
95.000000000,4.52483704852454,7.7606344097700175,2.329177285561482,1,
95.100000000,4.47325602327692,7.815080693705696,2.317961261125462,1,
95.200000000,4.422288900468754,7.870102074937516,2.306745236689442,1,
95.300000000,4.371942091656313,7.92569163189207,2.295529212253422,1,
95.400000000,4.322221930361682,7.981842371520643,2.284313187817402,1,
95.500000000,4.2731346712760105,8.03854723017893,2.273097163381382,1,
95.600000000,4.224686489472691,8.09579907451562,2.261881138945362,1,
95.700000000,4.176883479630544,8.153590702369762,2.250665114509342,1,
95.800000000,4.129731655267123,8.21191484367678,2.2689341496145103,1,
95.900000000,4.081522232810973,8.269367881772641,2.2872031847196785,1,
96.000000000,4.03227130207782,8.32593064180005,2.3054722198248467,1,
96.100000000,3.9819953004850714,8.381584246030556,2.323741254930015,1,
96.200000000,3.9307110075658525,8.43631012016497,2.342010290035183,1,
96.300000000,3.8784355393688665,8.490089999532499,2.3602793251403513,1,
96.400000000,3.8251863427459414,8.542905935186552,2.3785483602455195,1,
96.500000000,3.7709811895291705,8.594740299895173,2.3968173953506877,1,
96.600000000,3.715838170599594,8.645575794024102,2.415086430455856,1,
96.700000000,3.659775689849397,8.695395451310496,2.433355465561024,1,
96.800000000,3.612049753902017,8.736271194916528,2.4705176475101127,1,
96.900000000,3.562838087375683,8.775345524790504,2.5076798294592013,1,
97.000000000,3.5122086451271692,8.812564484407932,2.54484201140829,1,
97.100000000,3.4602313397755653,8.847876679267294,2.5820041933573785,1,
97.200000000,3.4069779451621174,8.881233347859103,2.619166375306467,1,
97.300000000,3.3525219972399682,8.912588428999161,2.6563285572555557,1,
97.400000000,3.2969386925306505,8.941898625433005,2.6934907392046443,1,
97.500000000,3.2403047842875536,8.969123463623744,2.730652921153733,1,
97.600000000,3.182698476509748,8.994225349640697,2.7678151031028215,1,
97.700000000,3.1241993159525197,9.01716962107169,2.80497728505191,1,
97.800000000,3.0648880822837343,9.037924594887288,2.8421394670009987,1,
97.900000000,3.0048466765377126,9.056461611190917,2.8793016489500873,1,
98.000000000,2.945762676259874,9.072324257603023,2.9181253247713075,1,
98.100000000,2.8861075068453466,9.085881668939676,2.9569490005925276,1,
98.200000000,2.8235114777360386,9.097572794315115,2.9932705484065836,1,
98.300000000,2.760532187737163,9.106983123960514,3.0295920962206395,1,
98.400000000,2.696410135232378,9.114195010430677,3.065065753352901,1,
98.500000000,2.632072645126805,9.119128193054518,3.1005394104851627,1,
98.600000000,2.567600669964157,9.121776464662917,3.1360130676174243,1,
98.700000000,2.5030753315037564,9.122136493072368,-3.1116985824299004,1,
98.800000000,2.4359864935087034,9.120130336935555,-3.078817408745411,1,
98.900000000,2.3689998724012336,9.115919702948139,-3.045936235060922,1,
99.000000000,2.2986124543237882,9.109166083169955,-3.0166469132058626,1,
99.100000000,2.228453006179633,9.100354055036492,-2.9873575913508033,1,
99.200000000,2.159485135549378,9.089631632788644,-2.957153991817681,1,
99.300000000,2.0908725272635986,9.07683133973126,-2.9269503922845583,1,
99.400000000,2.0208794725708414,9.061572822735398,-2.8985873244225018,1,
99.500000000,1.9513472897534148,9.044335491190745,-2.870224256560445,1,
99.600000000,1.8823319111729335,9.025133210973824,-2.8418611886983887,1,
99.700000000,1.8138888534686766,9.003981428584908,-2.813498120836332,1,
99.800000000,1.746073172899464,8.980897158722708,-2.7851350529742755,1,
99.900000000,1.67893942105587,8.955898970597586,-2.756771985112219,1,
100.000000000,1.612541600978393,8.929006972994296,-2.7284089172501624,1,
100.100000000,1.5469331237168888,8.900242798096292,-2.700045849388106,1,
100.200000000,1.4821667653662027,8.869629584084581,-2.6716827815260493,1,
100.300000000,1.4182946246125683,8.837191956525151,-2.6433197136639928,1,
100.400000000,1.3841915485932506,8.818637765149388,-2.582143389579442,1,
100.500000000,1.3512866381261466,8.798033283143289,-2.520967065494891,1,
100.600000000,1.3313362225450815,8.783771651598737,-2.4454907931106047,1,
100.700000000,1.3125179985187203,8.768046268911394,-2.370014520726319,1,
100.800000000,1.2949391163347905,8.750946674842142,-2.294538248342032,1,
100.900000000,1.2786996695133448,8.732570233861823,-2.219061975957746,1,
101.000000000,1.2644943385280543,8.713816612350392,-2.1425883387917173,1,
101.100000000,1.251763285411654,8.694032526959779,-2.0661147016256884,1,
101.200000000,1.2405809278495439,8.67333362294172,-1.9896410644596616,1,
101.300000000,1.2310126308323084,8.651840892999118,-1.913167427293632,1,
101.400000000,1.2227794877541414,8.628740491028067,-1.8376911549093464,1,
101.500000000,1.2163116616011016,8.605085038358043,-1.7622148825250603,1,
101.600000000,1.21164597994163,8.581009228281907,-1.686738610140774,1,
101.700000000,1.2088090089985304,8.556650147592403,-1.6112623377564876,1,
101.800000000,1.2078169023818568,8.532146496014917,-1.5357860653722015,1,
101.900000000,1.2086753091108409,8.507637796456242,-1.4603097929879154,1,
102.000000000,1.2086753091108409,8.507637796456242,-1.3603097929879158,1,
102.100000000,1.2086753091108409,8.507637796456242,-1.2603097929879155,1,
102.200000000,1.2086753091108409,8.507637796456242,-1.1603097929879156,1,
102.300000000,1.2086753091108409,8.507637796456242,-1.060309792987915,1,
102.400000000,1.2086753091108409,8.507637796456242,-0.9603097929879153,1,
102.500000000,1.2086753091108409,8.507637796456242,-0.8603097929879153,1,
102.600000000,1.2086753091108409,8.507637796456242,-0.7603097929879153,1,
102.700000000,1.2086753091108409,8.507637796456242,-0.6603097929879153,1,
102.800000000,1.2086753091108409,8.507637796456242,-0.5603097929879154,1,
102.900000000,1.2086753091108409,8.507637796456242,-0.4603097929879152,1,
103.000000000,1.2086753091108409,8.507637796456242,-0.36030979298791527,1,
103.100000000,1.2086753091108409,8.507637796456242,-0.26030979298791534,1,
103.200000000,1.2086753091108409,8.507637796456242,-0.16030979298791528,1,
103.300000000,1.2086753091108409,8.507637796456242,-0.06030979298791523,1,
103.400000000,1.2086753091108409,8.507637796456242,0.03969020701208479,1,
103.500000000,1.2086753091108409,8.507637796456242,0.13969020701208476,1,
103.600000000,1.2086753091108409,8.507637796456242,0.2396902070120848,1,
103.700000000,1.2086753091108409,8.507637796456242,0.3396902070120848,1,
103.800000000,1.2086753091108409,8.507637796456242,0.4396902070120849,1,
103.900000000,1.2086753091108409,8.507637796456242,0.5396902070120847,1,
104.000000000,1.2086753091108409,8.507637796456242,0.6396902070120848,1,
104.100000000,1.2086753091108409,8.507637796456242,0.7396902070120845,1,
104.200000000,1.2086753091108409,8.507637796456242,0.8396902070120847,1,
104.300000000,1.2086753091108409,8.507637796456242,0.939690207012085,1,
104.400000000,1.2086753091108409,8.507637796456242,1.0396902070120846,1,
104.500000000,1.2086753091108409,8.507637796456242,1.1396902070120851,1,
104.600000000,1.2086753091108409,8.507637796456242,1.239690207012085,1,
104.700000000,1.2086753091108409,8.507637796456242,1.3396902070120849,1,
104.800000000,1.2183140954455995,8.548599799316918,1.397609428973114,1,
104.900000000,1.2255655579022249,8.59005107399702,1.4555286509341436,1,
105.000000000,1.231677986459219,8.642844134111002,1.502382917530015,1,
105.100000000,1.2353110317068052,8.69586554451559,1.5492371841258865,1,
105.200000000,1.2364567193987375,8.748998927419139,1.596091450721758,1,
105.300000000,1.2351125348413765,8.80212765925925,1.6429457173176294,1,
105.400000000,1.231281428413242,8.855135126682237,1.6897999839135012,1,
105.500000000,1.2249718090891664,8.907904982500193,1.7366542505093727,1,
105.600000000,1.2134485251255671,8.976743572294197,1.7668578500424952,1,
105.700000000,1.1998516397736296,9.045202773478984,1.7970614495756185,1,
105.800000000,1.1830261834619307,9.118291103736988,1.7925579489894257,1,
105.900000000,1.1665300499983773,9.19145446602135,1.7880544484032346,1,
106.000000000,1.1503635739490239,9.26469137647056,1.7821353780277744,1,
106.100000000,1.1346308729940335,9.338022693932208,1.7762163076523132,1,
106.200000000,1.1193324983331752,9.411445849222185,1.7702972372768524,1,
106.300000000,1.1044689859494694,9.484958269938819,1.764378166901392,1,
106.400000000,1.0900408565904103,9.558557380552998,1.7570822011823255,1,
106.500000000,1.0761500830663902,9.63225979849776,1.7497862354632596,1,
106.600000000,1.0627974047955027,9.706061600528566,1.7398437890015108,1,
106.700000000,1.050179144866657,9.779992510954234,1.7299013425397622,1,
106.800000000,1.0382965506128579,9.854045221598744,1.7199588960780143,1,
106.900000000,1.0271507966455073,9.928212412245951,1.7100164496162658,1,
107.000000000,1.016742984738294,10.0024867513632,1.700074003154517,1,
107.100000000,1.0070741437182804,10.076860896826053,1.6901315566927695,1,
107.200000000,0.9981452293642018,10.151327496644075,1.6801891102310211,1,
107.300000000,0.9899571243119868,10.225879189687586,1.6702466637692723,1,
107.400000000,0.9825106379675068,10.300508606415317,1.6603042173075242,1,
107.500000000,0.9758065064265657,10.375208369602905,1.6503617708457754,1,
107.600000000,0.9698453924021354,10.449971095072137,1.640419324384027,1,
107.700000000,0.9646278851588456,10.524789392420889,1.6304768779222787,1,
107.800000000,0.9601545004547344,10.599655865753677,1.6205344314605306,1,
107.900000000,0.9564256804902649,10.674563114412752,1.610591984998782,1,
108.000000000,0.9534417938646129,10.749503733709668,1.6105919849987824,1,
108.100000000,0.950457907238961,10.824444353006584,1.6105919849987818,1,
108.200000000,0.947474020613309,10.8993849723035,1.6105919849987813,1,
108.300000000,0.944490133987657,10.974325591600415,1.6105919849987818,1,
108.400000000,0.941506247362005,11.049266210897331,1.610591984998781,1,
108.500000000,0.9385223607363531,11.124206830194247,1.610591984998781,1,
108.600000000,0.9355384741107011,11.199147449491162,1.6105919849987804,1,
108.700000000,0.9325545874850493,11.274088068788078,1.6105919849987806,1,
108.800000000,0.9295707008593974,11.349028688084994,1.6075451102930327,1,
108.900000000,0.9268151624081895,11.42397805104322,1.604498235587285,1,
109.000000000,0.9242879977122966,11.49893546187497,1.6014513608815375,1,
109.100000000,0.9219892302324963,11.573900224717747,1.5984044861757893,1,
109.200000000,0.9199188813092547,11.6488716436408,1.5953576114700418,1,
109.300000000,0.9180769701625282,11.72384902265159,1.592310736764294,1,
109.400000000,0.9164635138915853,11.798831665702243,1.5892638620585464,1,
109.500000000,0.9150785274748477,11.873818876696022,1.5862169873527985,1,
109.600000000,0.9139220237697514,11.94880995949378,1.583170112647051,1,
109.700000000,0.9129940135126271,12.023804217920427,1.5801232379413033,1,
109.800000000,0.9122945053186008,12.098800955771393,1.5770763632355553,1,
109.900000000,0.9118235056815136,12.17379947681909,1.5740294885298083,1,
110.000000000,0.9116148819423293,12.238325482429389,1.6095031456620696,1,
110.100000000,0.9091178960905737,12.302803494073212,1.644976802794331,1,
110.200000000,0.9043985292206512,12.36630682350675,1.6812983506083867,1,
110.300000000,0.8973762429346315,12.429596891986053,1.7176198984224438,1,
110.400000000,0.8880603003992141,12.492590212961172,1.753941446236499,1,
110.500000000,0.8764629903655485,12.555203691324705,1.790262994050555,1,
110.600000000,0.8640283048924255,12.610949742319018,1.8331469402278673,1,
110.700000000,0.8492151735820401,12.666111456805222,1.8760308864051793,1,
110.800000000,0.8320508340947015,12.720587406124528,1.9189148325824912,1,
110.900000000,0.8125668473771531,12.774277422569549,1.9617987787598041,1,
111.000000000,0.7904929398477987,12.827825334663421,2.003879556706778,1,
111.100000000,0.7661859007574056,12.880397229568263,2.0459603346537527,1,
111.200000000,0.7396887664619778,12.931900027136528,2.0880411126007274,1,
111.300000000,0.7110484509480517,12.982242540090198,2.130121890547702,1,
111.400000000,0.6803156627700482,13.031335635470644,2.172202668494677,1,
111.500000000,0.6475448152692262,13.079092392451258,2.2142834464416516,1,
111.600000000,0.6127939302331987,13.125428256233436,2.2563642243886264,1,
111.700000000,0.5761245351665828,13.170261187753425,2.298445002335601,1,
111.800000000,0.5376015543546717,13.213511808935008,2.340525780282576,1,
111.900000000,0.4972931939130023,13.255103543230804,2.3826065582295506,1,
112.000000000,0.4795003923195183,13.271980433573063,2.458082830613837,1,
112.100000000,0.4604856508009328,13.28746761605249,2.5335591029981233,1,
112.200000000,0.4604856508009328,13.28746761605249,2.6335591029981233,1,
112.300000000,0.4604856508009328,13.28746761605249,2.7335591029981234,1,
112.400000000,0.4604856508009328,13.28746761605249,2.8335591029981235,1,
112.500000000,0.4604856508009328,13.28746761605249,2.9335591029981236,1,
112.600000000,0.4604856508009328,13.28746761605249,3.0335591029981237,1,
112.700000000,0.4604856508009328,13.28746761605249,3.133559102998124,1,
112.800000000,0.4604856508009328,13.28746761605249,-3.0496262041814624,1,
112.900000000,0.4604856508009328,13.28746761605249,-2.9496262041814623,1,
113.000000000,0.4604856508009328,13.28746761605249,-2.849626204181462,1,
113.100000000,0.4604856508009328,13.28746761605249,-2.749626204181462,1,
113.200000000,0.4604856508009328,13.28746761605249,-2.649626204181462,1,
113.300000000,0.4604856508009328,13.28746761605249,-2.549626204181462,1,
113.400000000,0.4604856508009328,13.28746761605249,-2.449626204181462,1,
113.500000000,0.4604856508009328,13.28746761605249,-2.3496262041814617,1,
113.600000000,0.4604856508009328,13.28746761605249,-2.2496262041814616,1,
113.700000000,0.4604856508009328,13.28746761605249,-2.1496262041814616,1,
113.800000000,0.4604856508009328,13.28746761605249,-2.0496262041814615,1,
113.900000000,0.4604856508009328,13.28746761605249,-1.9496262041814614,1,
114.000000000,0.4604856508009328,13.28746761605249,-1.8496262041814622,1,
114.100000000,0.4604856508009328,13.28746761605249,-1.7496262041814616,1,
114.200000000,0.4604856508009328,13.28746761605249,-1.649626204181461,1,
114.300000000,0.4604856508009328,13.28746761605249,-1.549626204181461,1,
114.400000000,0.4604856508009328,13.28746761605249,-1.4496262041814612,1,
114.500000000,0.4604856508009328,13.28746761605249,-1.3496262041814608,1,
114.600000000,0.4604856508009328,13.28746761605249,-1.2496262041814612,1,
114.700000000,0.4604856508009328,13.28746761605249,-1.1496262041814604,1,
114.800000000,0.4604856508009328,13.28746761605249,-1.0496262041814606,1,
114.900000000,0.4604856508009328,13.28746761605249,-0.9496262041814606,1,
115.000000000,0.4604856508009328,13.28746761605249,-0.8496262041814604,1,
115.100000000,0.4604856508009328,13.28746761605249,-0.7496262041814609,1,
115.200000000,0.4604856508009328,13.28746761605249,-0.6496262041814607,1,
115.300000000,0.4604856508009328,13.28746761605249,-0.5496262041814608,1,
115.400000000,0.4604856508009328,13.28746761605249,-0.44962620418146076,1,
115.500000000,0.4604856508009328,13.28746761605249,-0.34962620418146073,1,
115.600000000,0.4835257130295053,13.279067095314272,-0.2741499317971745,1,
115.700000000,0.5071336187941113,13.272427818126264,-0.19867365941288828,1,
115.800000000,0.5385030680042586,13.266112220589706,-0.13067255183109208,1,
115.900000000,0.5702291533463459,13.261942733228127,-0.06267144424929581,1,
116.000000000,0.6021652251466934,13.259938628950692,0.005329663332500427,1,
116.100000000,0.6341636630967237,13.260109171466906,0.07333077091429668,1,
116.200000000,0.6660765586085022,13.262453572466328,0.14133187849609288,1,
116.300000000,0.6977563985028099,13.266960995262428,0.2093329860778891,1,
116.400000000,0.7290567468694913,13.273610604883764,0.27733409365968537,1,
116.500000000,0.7598329219482676,13.282371664380896,0.3453352012414816,1,
116.600000000,0.8054024776181969,13.298765361213722,0.39690651449693587,1,
116.700000000,0.8500663785472297,13.317486302792684,0.4484778277523898,1,
116.800000000,0.9137843470139617,13.348146056512991,0.4777671496074496,1,
116.900000000,0.976577111740853,13.380658649483571,0.507056471462509,1,
117.000000000,1.0383908089028735,13.414996192303049,0.5363457933175686,1,
117.100000000,1.0991724145221353,13.4511292301225,0.565635115172628,1,
117.200000000,1.1588697899520226,13.48902676791192,0.5949244370276875,1,
117.300000000,1.217431726601882,13.528656297047846,0.6242137588827472,1,
117.400000000,1.2748079898639066,13.569983823199362,0.6535030807378065,1,
117.500000000,1.3309493622045379,13.612973895488532,0.682792402592866,1,
117.600000000,1.3858076853834134,13.657589636900273,0.7120817244479256,1,
117.700000000,1.4393359017636544,13.703792775915577,0.741371046302985,1,
117.800000000,1.4914880946780489,13.751543679340928,0.7706603681580447,1,
117.900000000,1.5422195278165094,13.80080138630578,0.799949690013104,1,
118.000000000,1.5944752377145819,13.85460046420725,0.8044531905992955,1,
118.100000000,1.646488134341117,13.908634329370843,0.8089566911854871,1,
118.200000000,1.698257162797423,13.962901885909627,0.8134601917716786,1,
118.300000000,1.7497812731308162,14.017402033197063,0.8179636923578703,1,
118.400000000,1.8010594203559158,14.072133665889329,0.8224671929440615,1,
118.500000000,1.8520905644758379,14.12709567394773,0.8269706935302533,1,
118.600000000,1.9028736705032874,14.182286942661221,0.8239238188245056,1,
118.700000000,1.9538247014302574,14.237323225670513,0.8208769441187574,1,
118.800000000,2.0049431842559966,14.29220401204967,0.8178300694130095,1,
118.900000000,2.056228644425224,14.346928792316296,0.8147831947072621,1,
119.000000000,2.1076806058325346,14.401497058436274,0.8117363200015141,1,
119.100000000,2.15929859082682,14.455908303828469,0.8086894452957661,1,
119.200000000,2.211082120215702,14.510162023369444,0.8056425705900184,1,
119.300000000,2.263030713269981,14.564257713398142,0.8025956958842706,1,
119.400000000,2.315143887728099,14.618194871720561,0.7995488211785228,1,
119.500000000,2.367421159800617,14.671972997614422,0.796501946472775,1,
119.600000000,2.4198620441747054,14.72559159183381,0.794955317334205,1,
119.700000000,2.4723857938750182,14.77912901535623,0.7934086881956347,1,
119.800000000,2.5249922832615312,14.832585140116885,0.7918620590570645,1,
119.900000000,2.5776813864963013,14.885959838245453,0.790315429918494,1,
120.000000000,2.630452977543768,14.939252982066389,0.7887688007799238,1,
120.100000000,2.6833069301710553,14.99246444409923,0.787222171641354,1,
120.200000000,2.736243117948273,15.045594097058903,0.7856755425027838,1,
120.300000000,2.789261414248819,15.098641813856023,0.7841289133642134,1,
120.400000000,2.8423616922496837,15.151607467597206,0.7825822842256435,1,
120.500000000,2.8955438249317513,15.204490931585365,0.7810356550870735,1,
120.600000000,2.9488076850801046,15.257292079320019,0.781035655087073,1,
120.700000000,3.002071545228458,15.310093227054672,0.7810356550870728,1,
120.800000000,3.055335405376811,15.362894374789326,0.7810356550870726,1,
120.900000000,3.1085992655251644,15.41569552252398,0.7810356550870728,1,
121.000000000,3.1618631256735177,15.468496670258633,0.7810356550870726,1,
121.100000000,3.215126985821871,15.521297817993286,0.7810356550870724,1,
121.200000000,3.2683908459702247,15.57409896572794,0.7810356550870723,1,
121.300000000,3.3216547061185784,15.626900113462593,0.7810356550870723,1,
121.400000000,3.374918566266932,15.679701261197247,0.7810356550870722,1,
121.500000000,3.428182426415286,15.7325024089319,0.7810356550870722,1,
121.600000000,3.4814462865636395,15.785303556666554,0.781035655087072,1,
121.700000000,3.5347101467119932,15.838104704401207,0.7810356550870716,1,
121.800000000,3.587974006860347,15.89090585213586,0.7810356550870716,1,
121.900000000,3.6412378670087007,15.943706999870514,0.7810356550870716,1,
122.000000000,3.6945017271570544,15.996508147605168,0.7810356550870715,1,
122.100000000,3.747765587305408,16.04930929533982,0.7810356550870716,1,
122.200000000,3.801029447453762,16.102110443074473,0.7810356550870714,1,
122.300000000,3.8542933076021155,16.154911590809125,0.7810356550870714,1,
122.400000000,3.9075571677504692,16.207712738543776,0.7810356550870712,1,
122.500000000,3.960821027898823,16.260513886278428,0.7810356550870711,1,
122.600000000,4.014084888047177,16.31331503401308,0.7810356550870712,1,
122.700000000,4.06734874819553,16.36611618174773,0.7810356550870706,1,
122.800000000,4.120612608343884,16.418917329482383,0.7810356550870707,1,
122.900000000,4.173876468492238,16.471718477217035,0.7810356550870706,1,
123.000000000,4.2271403286405915,16.524519624951687,0.7810356550870704,1,
123.100000000,4.280404188788945,16.57732077268634,0.7810356550870703,1,
123.200000000,4.333668048937299,16.63012192042099,0.7810356550870702,1,
123.300000000,4.386931909085653,16.68292306815564,0.7810356550870701,1,
123.400000000,4.440195769234006,16.735724215890293,0.7810356550870697,1,
123.500000000,4.49345962938236,16.788525363624945,0.7810356550870701,1,
123.600000000,4.546723489530714,16.841326511359597,0.7810356550870697,1,
123.700000000,4.5999873496790675,16.89412765909425,0.7810356550870695,1,
123.800000000,4.653251209827421,16.9469288068289,0.7810356550870695,1,
123.900000000,4.706515069975775,16.999729954563552,0.7810356550870694,1,
124.000000000,4.759778930124129,17.052531102298204,0.7810356550870694,1,
124.100000000,4.813042790272482,17.105332250032856,0.7810356550870695,1,
124.200000000,4.866306650420836,17.158133397767507,0.7810356550870694,1,
124.300000000,4.91957051056919,17.21093454550216,0.7810356550870691,1,
124.400000000,4.9728343707175435,17.26373569323681,0.7810356550870687,1,
124.500000000,5.026098230865897,17.316536840971462,0.7810356550870686,1,
124.600000000,5.079362091014251,17.369337988706114,0.7810356550870684,1,
124.700000000,5.132625951162605,17.422139136440766,0.7810356550870686,1,
124.800000000,5.185889811310958,17.474940284175418,0.7810356550870684,1,
124.900000000,5.239153671459312,17.52774143191007,0.7810356550870682,1,
125.000000000,5.292417531607666,17.58054257964472,0.7810356550870682,1,
125.100000000,5.3456813917560195,17.633343727379373,0.7810356550870678,1,
125.200000000,5.398945251904373,17.686144875114024,0.7810356550870681,1,
125.300000000,5.452209112052727,17.738946022848676,0.7810356550870675,1,
125.400000000,5.505472972201081,17.791747170583328,0.7810356550870678,1,
125.500000000,5.558736832349434,17.84454831831798,0.7810356550870675,1,
125.600000000,5.612000692497788,17.89734946605263,0.7810356550870674,1,
125.700000000,5.665264552646142,17.950150613787283,0.7810356550870674,1,
125.800000000,5.7185284127944955,18.002951761521935,0.7810356550870672,1,
125.900000000,5.771792272942849,18.055752909256586,0.7810356550870672,1,
126.000000000,5.825056133091203,18.108554056991238,0.7810356550870672,1,
126.100000000,5.878319993239557,18.16135520472589,0.7810356550870671,1,
126.200000000,5.93158385338791,18.21415635246054,0.781035655087067,1,
126.300000000,5.984847713536264,18.266957500195193,0.7810356550870671,1,
126.400000000,6.038111573684618,18.319758647929845,0.7810356550870667,1,
126.500000000,6.0913754338329715,18.372559795664497,0.7810356550870665,1,
126.600000000,6.144639293981325,18.42536094339915,0.7810356550870663,1,
126.700000000,6.197903154129679,18.4781620911338,0.7810356550870663,1,
126.800000000,6.251167014278033,18.530963238868452,0.7810356550870663,1,
126.900000000,6.304430874426386,18.583764386603104,0.7810356550870662,1,
127.000000000,6.35769473457474,18.636565534337755,0.7810356550870661,1,
127.100000000,6.410958594723094,18.689366682072407,0.781035655087066,1,
127.200000000,6.4642224548714475,18.74216782980706,0.7810356550870661,1,
127.300000000,6.517486315019801,18.79496897754171,0.781035655087066,1,
127.400000000,6.570750175168155,18.847770125276362,0.7810356550870657,1,
127.500000000,6.624014035316509,18.900571273011014,0.7810356550870654,1,
127.600000000,6.677277895464862,18.953372420745666,0.7810356550870653,1,
127.700000000,6.730541755613216,19.006173568480317,0.7810356550870654,1,
127.800000000,6.78380561576157,19.05897471621497,0.7810356550870653,1,
127.900000000,6.8370694759099235,19.11177586394962,0.781035655087065,1,
128.000000000,6.890333336058277,19.164577011684273,0.781035655087065,1,
128.100000000,6.943597196206631,19.217378159418924,0.7810356550870647,1,
128.200000000,6.996861056354985,19.270179307153576,0.7810356550870646,1,
128.300000000,7.050124916503338,19.322980454888228,0.7810356550870645,1,
128.400000000,7.103388776651692,19.37578160262288,0.7810356550870646,1,
128.500000000,7.156652636800046,19.42858275035753,0.7810356550870643,1,
128.600000000,7.2099164969483995,19.481383898092183,0.7810356550870642,1,
128.700000000,7.263180357096753,19.534185045826835,0.7810356550870641,1,
128.800000000,7.316444217245107,19.586986193561486,0.7810356550870639,1,
128.900000000,7.369708077393461,19.639787341296138,0.7810356550870641,1,
129.000000000,7.422971937541814,19.69258848903079,0.7840825297928113,1,
129.100000000,7.476074672221739,19.74555167973446,0.7871294044985592,1,
129.200000000,7.529015788457275,19.79867642172664,0.7901762792043067,1,
129.300000000,7.5817947947728355,19.851962221827062,0.7932231539100544,1,
129.400000000,7.634411201197773,19.905408585360288,0.7962700286158015,1,
129.500000000,7.686864519270926,19.9590150161603,0.7993169033215497,1,
129.600000000,7.739154262045151,20.01278101657511,0.802363778027297,1,
129.700000000,7.791279944091849,20.06670608747137,0.8054106527330449,1,
129.800000000,7.843241081505468,20.12078972823901,0.8084575274387922,1,
129.900000000,7.895037191907995,20.175031436795887,0.8115044021445399,1,
130.000000000,7.9424639795879735,20.22500146684923,0.8426109765280579,1,
130.100000000,7.988313677796704,20.27642236986874,0.8737175509115758,1,
130.200000000,8.031969074212368,20.328560235282755,0.9057164432284024,1,
130.300000000,8.073934053276552,20.382068096184504,0.9377153355452287,1,
130.400000000,8.114693572874538,20.43761056331836,0.9688219099287466,1,
130.500000000,8.153705916953244,20.494393845212404,0.9999284843122644,1,
130.600000000,8.19045116433833,20.551612176547277,1.031927376629091,1,
130.700000000,8.225346990281349,20.6099768231914,1.0639262689459175,1,
130.800000000,8.258357666979032,20.669428028983205,1.0959251612627443,1,
130.900000000,8.289449396722606,20.729904925296516,1.12792405357957,1,
131.000000000,8.31859034650129,20.791345593360386,1.1599229458963967,1,
131.100000000,8.34575068059426,20.85368712765412,1.191921838213223,1,
131.200000000,8.370902591117714,20.916865700312567,1.223920730530049,1,
131.300000000,8.394020326495735,20.98081662647576,1.2559196228468759,1,
131.400000000,8.415080217825832,21.045474430515977,1.2879185151637025,1,
131.500000000,8.434060703112154,21.110772913074413,1.3199174074805284,1,
131.600000000,8.449783548875837,21.172123571035044,1.3269094725674766,1,
131.700000000,8.46507704600589,21.233582663581583,1.3339015376544237,1,
131.800000000,8.480021441135163,21.295482666223084,1.297579989840368,1,
131.900000000,8.497203789205965,21.356799158193606,1.2612584420263118,1,
132.000000000,8.50667942776495,21.38642737532116,1.1923650165123887,1,
132.100000000,8.518172163154482,21.41533301507405,1.1234715909984656,1,
132.200000000,8.530841407178482,21.44174048819718,1.0527609129586677,1,
132.300000000,8.545344725930978,21.467186865661407,0.9820502349188699,1,
132.400000000,8.56160963302858,21.491544968584147,0.9113395568790719,1,
132.500000000,8.579554837815557,21.514693057188648,0.840628878839274,1,
132.600000000,8.599090651647789,21.536515439249293,0.7699182007994758,1,
132.700000000,8.62011943614916,21.556903048311742,0.6992075227596781,1,
132.800000000,8.643235835882717,21.576342428301512,0.6294111223966138,1,
132.900000000,8.667651649667459,21.594122345856356,0.5596147220335493,1,
133.000000000,8.694013218026091,21.610635573582364,0.49072129651962626,1,
133.100000000,8.721449004212005,21.62529492597661,0.42182787100570324,1,
133.200000000,8.749005019184189,21.637661148919815,0.3520314706426386,1,
133.300000000,8.777356358552959,21.648075513375947,0.2822350702795741,1,
133.400000000,8.807232212743354,21.65673878715969,0.2133416447656511,1,
133.500000000,8.837633565614142,21.663324887666338,0.14444821925172804,1,
133.600000000,8.877216984949177,21.669082744363653,0.1004887933142854,1,
133.700000000,8.917015194889606,21.673095534607057,0.05652936737684277,1,
133.800000000,8.953623291717204,21.67516717432132,0.04893606575674087,1,
133.900000000,8.99024606360488,21.676960780662643,0.041342764136638996,1,
134.000000000,9.026881398958597,21.678476250215358,0.051373629037628814,1,
134.100000000,9.063499690020668,21.68035912146373,0.061404493938618625,1,
134.200000000,9.096770201232422,21.682404651913192,0.07108872248467075,1,
134.300000000,9.13001934325612,21.68477228064234,0.08077295103072289,1,
134.400000000,9.161582765138547,21.68732731035833,0.08943597071794136,1,
134.500000000,9.193122868648082,21.690155675325165,0.09809899040515983,1,
134.600000000,9.25400506633182,21.696147390040124,0.13692266622637994,1,
134.700000000,9.314608824629019,21.704497666699115,0.1757463420476,1,
134.800000000,9.342534996987121,21.709456751495466,0.24738327407899274,1,
134.900000000,9.370034593672862,21.716401951759924,0.3190202061103855,1,
135.000000000,9.38414424646887,21.721062403433912,0.40416079455307774,1,
135.100000000,9.39780647589489,21.726905826997218,0.4893013829957699,1,
135.200000000,9.416766487943903,21.737001864767443,0.5678208793807121,1,
135.300000000,9.434876161352015,21.7485539972376,0.6463403757656544,1,
135.400000000,9.452023901697105,21.761491038499567,0.7248598721505962,1,
135.500000000,9.468104042127464,21.77573326863731,0.8033793685355385,1,
135.600000000,9.483017494496195,21.7911929249725,0.8818988649204804,1,
135.700000000,9.496672359956673,21.807774742870812,0.9604183613054229,1,
135.800000000,9.508984495256511,21.82537654277636,1.038937857690365,1,
135.900000000,9.519878031240431,21.843889859856873,1.1174573540753072,1,
136.000000000,9.519878031240431,21.843889859856873,1.2174573540753075,1,
136.100000000,9.519878031240431,21.843889859856873,1.3174573540753074,1,
136.200000000,9.519878031240431,21.843889859856873,1.4174573540753082,1,
136.300000000,9.519878031240431,21.843889859856873,1.5174573540753074,1,
136.400000000,9.519878031240431,21.843889859856873,1.6174573540753074,1,
136.500000000,9.519878031240431,21.843889859856873,1.717457354075308,1,
136.600000000,9.519878031240431,21.843889859856873,1.8174573540753074,1,
136.700000000,9.519878031240431,21.843889859856873,1.9174573540753077,1,
136.800000000,9.519878031240431,21.843889859856873,2.017457354075309,1,
136.900000000,9.519878031240431,21.843889859856873,2.117457354075308,1,
137.000000000,9.519878031240431,21.843889859856873,2.217457354075308,1,
137.100000000,9.519878031240431,21.843889859856873,2.3174573540753083,1,
137.200000000,9.519878031240431,21.843889859856873,2.4174573540753084,1,
137.300000000,9.519878031240431,21.843889859856873,2.5174573540753085,1,
137.400000000,9.519878031240431,21.843889859856873,2.6174573540753086,1,
137.500000000,9.519878031240431,21.843889859856873,2.7174573540753086,1,
137.600000000,9.519878031240431,21.843889859856873,2.8174573540753087,1,
137.700000000,9.519878031240431,21.843889859856873,2.917457354075309,1,
137.800000000,9.519878031240431,21.843889859856873,3.017457354075309,1,
137.900000000,9.519878031240431,21.843889859856873,3.117457354075309,1,
138.000000000,9.519878031240431,21.843889859856873,-3.065727953104277,1,
138.100000000,9.519878031240431,21.843889859856873,-2.965727953104277,1,
138.200000000,9.519878031240431,21.843889859856873,-2.865727953104277,1,
138.300000000,9.519878031240431,21.843889859856873,-2.765727953104277,1,
138.400000000,9.519878031240431,21.843889859856873,-2.665727953104277,1,
138.500000000,9.519878031240431,21.843889859856873,-2.5657279531042767,1,
138.600000000,9.519878031240431,21.843889859856873,-2.4657279531042766,1,
138.700000000,9.519878031240431,21.843889859856873,-2.3657279531042765,1,
138.800000000,9.519878031240431,21.843889859856873,-2.2657279531042764,1,
138.900000000,9.519878031240431,21.843889859856873,-2.1657279531042763,1,
139.000000000,9.519878031240431,21.843889859856873,-2.0657279531042776,1,
139.100000000,9.519878031240431,21.843889859856873,-1.9657279531042762,1,
139.200000000,9.519878031240431,21.843889859856873,-1.8657279531042774,1,
139.300000000,9.519878031240431,21.843889859856873,-1.765727953104276,1,
139.400000000,9.519878031240431,21.843889859856873,-1.6657279531042761,1,
139.500000000,9.519878031240431,21.843889859856873,-1.5657279531042756,1,
139.600000000,9.519878031240431,21.843889859856873,-1.4657279531042755,1,
139.700000000,9.519878031240431,21.843889859856873,-1.3657279531042756,1,
139.800000000,9.519878031240431,21.843889859856873,-1.2657279531042758,1,
139.900000000,9.519878031240431,21.843889859856873,-1.165727953104276,1,
140.000000000,9.519878031240431,21.843889859856873,-1.0657279531042754,1,
140.100000000,9.519878031240431,21.843889859856873,-0.9657279531042756,1,
140.200000000,9.519878031240431,21.843889859856873,-0.8657279531042753,1,
140.300000000,9.519878031240431,21.843889859856873,-0.7657279531042754,1,
140.400000000,9.519878031240431,21.843889859856873,-0.6657279531042756,1,
140.500000000,9.519878031240431,21.843889859856873,-0.5657279531042756,1,
140.600000000,9.52118369357034,21.84306081938088,-0.4672745824168689,1,
140.700000000,9.522564523106546,21.842364132921624,-0.3688212117294625,1,
140.800000000,9.524007146184834,21.841806548054038,-0.2703678410420561,1,
140.900000000,9.525497590655759,21.841393465120884,-0.17191447035464968,1,
141.000000000,9.527021421208252,21.841128884929137,-0.07346109966724325,1,
141.100000000,9.52856387917906,21.84101537000122,0.024992271020163215,1,
141.200000000,9.530110025493936,21.841054019756346,0.12344564170756968,1,
141.300000000,9.531644885356132,21.8412444598624,0.22189901239497611,1,
141.400000000,9.542585907248093,21.843712910253526,0.31068298781521375,1,
141.500000000,9.5532649646113,21.847141749883363,0.39946696323545144,1,
141.600000000,9.57493906013792,21.856291795309406,0.47594060040147984,1,
141.700000000,9.5958507537192,21.86707097986847,0.5524142375675083,1,
141.800000000,9.615014549863533,21.8788841549162,0.6299019700813148,1,
141.900000000,9.633206381348732,21.892145356015046,0.7073897025951209,1,
142.000000000,9.638751758792337,21.896886654048977,0.8000937367208455,1,
142.100000000,9.64383441654601,21.90212093606255,0.8927977708465694,1,
142.200000000,9.648410705329901,21.907803250644214,0.9855018049722938,1,
142.300000000,9.652441324502593,21.913884798730297,1.0782058390980178,1,
142.400000000,9.655240512024585,21.91910015540214,1.1722867685630582,1,
142.500000000,9.657537378475471,21.924555409796266,1.266367698028099,1,
142.600000000,9.659311608773097,21.930202311853925,1.3604486274931393,1,
142.700000000,9.660547510392439,21.935990916451335,1.454529556958179,1,
142.800000000,9.661234152161196,21.941870025149022,1.5486104864232202,1,
142.900000000,9.661365460942665,21.9477876390264,1.6426914158882606,1,
143.000000000,9.660940275350786,21.95369141859633,1.7367723453533004,1,
143.100000000,9.659962356022238,21.959529146731885,1.830853274818341,1,
143.200000000,9.65880434572014,21.9638812187841,1.9263497740680993,1,
143.300000000,9.657236635452195,21.968103043451613,2.0218462733178564,1,
143.400000000,9.65527351121794,21.972156148711573,2.1173427725676133,1,
143.500000000,9.652932862287146,21.976003600022533,2.2128392718173706,1,
143.600000000,9.635948125984786,21.998718845064822,2.2844762038487634,1,
143.700000000,9.617381093586177,22.020160135429464,2.356113135880156,1,
143.800000000,9.588198623351436,22.049347354290123,2.4148395327684624,1,
143.900000000,9.557353385627188,22.076771460903764,2.4735659296567687,1,
144.000000000,9.524951728581684,22.102337902473273,2.532292326545075,1,
144.100000000,9.491105366603573,22.125958531056533,2.5910187234333812,1,
144.200000000,9.455930995133187,22.147551907482764,2.6497451203216875,1,
144.300000000,9.419549888320159,22.167043582138387,2.708471517209994,1,
144.400000000,9.38208748089458,22.1843663516543,2.7671979140983,1,
144.500000000,9.343672935693306,22.199460490609567,2.8259243109866063,1,
144.600000000,9.289379037321336,22.217192275738267,2.8688082571639186,1,
144.700000000,9.234374879558855,22.232580135664726,2.911692203341231,1,
144.800000000,9.165524664035916,22.248693727013716,2.9409815251962903,1,
144.900000000,9.09623208978828,22.26278411940901,2.9702708470513497,1,
145.000000000,9.030955927639502,22.274078063039777,3.0040248622099384,1,
145.100000000,8.96533580406076,22.283162659294938,3.037778877368527,1,
145.200000000,8.89500581892843,22.29049022335153,3.0670681992235864,1,
145.300000000,8.824491409736273,22.29575502154314,3.096357521078646,1,
145.400000000,8.753853063959484,22.29895253770983,3.125646842933705,1,
145.500000000,8.683151375386439,22.300080029012484,-3.1282491423908216,1,
145.600000000,8.612446992141157,22.299136528285626,-3.0989598205357622,1,
145.700000000,8.541800564659153,22.296122844867053,-3.069670498680703,1,
145.800000000,8.46699446091913,22.290733332529488,-3.0559976250946828,1,
145.900000000,8.392269037301041,22.284321541430494,-3.0423247515086627,1,
146.000000000,8.317638263316303,22.27688867021953,-3.0286518779226426,1,
146.100000000,8.243116090782094,22.268436108431438,-3.0149790043366225,1,
146.200000000,8.168716451213145,22.258965436226653,-3.0013061307506024,1,
146.300000000,8.094453253217315,22.248478424095822,-2.9876332571645823,1,
146.400000000,8.020340379895455,22.23697703252881,-2.973960383578562,1,
146.500000000,7.946391686246031,22.2244634116482,-2.960287509992542,1,
146.600000000,7.872620996575017,22.210939900807336,-2.9662065803680027,1,
146.700000000,7.7987715530478425,22.197853278220638,-2.9721256507434632,1,
146.800000000,7.724845943001313,22.185204002381745,-2.9807620534357695,1,
146.900000000,7.650813847017198,22.173193641679468,-2.9893984561280758,1,
147.000000000,7.576680786926543,22.161823091930433,-2.998034858820382,1,
147.100000000,7.502452292091,22.151093201229695,-3.0066712615126883,1,
147.200000000,7.428133898990413,22.141004769887484,-3.0153076642049945,1,
147.300000000,7.353731150809864,22.131558550369505,-3.0239440668973008,1,
147.400000000,7.279249597026229,22.122755247240818,-3.032580469589607,1,
147.500000000,7.204694792994257,22.114595517113287,-3.0412168722819133,1,
147.600000000,7.130072299532209,22.107079968596604,-3.0498532749742195,1,
147.700000000,7.055387682507099,22.100209162252895,-3.058489677666526,1,
147.800000000,6.980646512419552,22.093983610554908,-3.067126080358832,1,
147.900000000,6.905854363988312,22.08840377784779,-3.0757624830511383,1,
148.000000000,6.831016815734447,22.083470080314463,-3.0843988857434446,1,
148.100000000,6.756139449565259,22.079182885944558,-3.093035288435751,1,
148.200000000,6.681227850357949,22.075542514506992,-3.101671691128057,1,
148.300000000,6.606287605543059,22.072549237526108,-3.1103080938203633,1,
148.400000000,6.531324304687718,22.070203278261413,-3.1189444965126696,1,
148.500000000,6.456343539078737,22.06850481169095,-3.127580899204976,1,
148.600000000,6.381350901305569,22.067453964498217,-3.1291275283435462,1,
148.700000000,6.306356727955651,22.06651910431485,-3.1306741574821166,1,
148.800000000,6.231361198419637,22.065700233377086,-3.132220786620687,1,
148.900000000,6.156364492091423,22.06499735364372,-3.1337674157592574,1,
149.000000000,6.081366788367721,22.064410466796076,-3.135314044897828,1,
149.100000000,6.006368266647631,22.06393957423803,-3.1368606740363982,1,
149.200000000,5.931369106332208,22.063584677095985,-3.1384073031749686,1,
149.300000000,5.8563694868240335,22.063345776218874,-3.139953932313539,1,
149.400000000,5.78136958752679,22.063222872178162,-3.1415005614521094,1,
149.500000000,5.706369587844826,22.063215965267847,3.1401381165889064,1,
149.600000000,5.6313696671827325,22.063325055504446,3.1401381165889064,1,
149.700000000,5.556369746520639,22.063434145741045,3.1401381165889064,1,
149.800000000,5.481369825858546,22.063543235977644,3.1401381165889064,1,
149.900000000,5.406369905196453,22.063652326214243,3.1401381165889064,1,
150.000000000,5.331369984534359,22.06376141645084,3.1401381165889064,1,
150.100000000,5.256370063872266,22.06387050668744,3.1401381165889064,1,
150.200000000,5.181370143210173,22.06397959692404,3.1401381165889064,1,
150.300000000,5.10637022254808,22.064088687160638,3.1401381165889064,1,
150.400000000,5.031370301885986,22.064197777397236,3.1401381165889064,1,
150.500000000,4.956370381223893,22.064306867633835,3.1401381165889064,1,
150.600000000,4.8813704605618,22.064415957870434,3.1401381165889064,1,
150.700000000,4.8063705398997065,22.064525048107033,3.1401381165889064,1,
150.800000000,4.731370619237613,22.06463413834363,3.1401381165889064,1,
150.900000000,4.65637069857552,22.06474322858023,3.1401381165889064,1,
151.000000000,4.581370777913427,22.06485231881683,3.1401381165889064,1,
151.100000000,4.5063708572513335,22.064961409053428,3.1401381165889064,1,
151.200000000,4.43137093658924,22.065070499290027,3.1401381165889064,1,
151.300000000,4.356371015927147,22.065179589526625,3.1401381165889064,1,
151.400000000,4.281371095265054,22.065288679763224,3.1401381165889064,1,
151.500000000,4.20637117460296,22.065397769999823,3.1401381165889064,1,
151.600000000,4.131371253940867,22.06550686023642,3.1401381165889064,1,
151.700000000,4.056371333278774,22.06561595047302,3.1401381165889064,1,
151.800000000,3.9813714126166806,22.06572504070962,3.1401381165889064,1,
151.900000000,3.9063714919545873,22.065834130946218,3.1401381165889064,1,
152.000000000,3.831371571292494,22.065943221182817,3.1401381165889064,1,
152.100000000,3.756371650630401,22.066052311419416,3.1401381165889064,1,
152.200000000,3.6813717299683075,22.066161401656014,3.1401381165889064,1,
152.300000000,3.6063718093062143,22.066270491892613,3.1401381165889064,1,
152.400000000,3.531371888644121,22.066379582129212,3.1401381165889064,1,
152.500000000,3.4563719679820277,22.06648867236581,3.1401381165889064,1,
152.600000000,3.3813720473199345,22.06659776260241,3.1401381165889064,1,
152.700000000,3.306372126657841,22.06670685283901,3.1401381165889064,1,
152.800000000,3.231372205995748,22.066815943075607,3.1401381165889064,1,
152.900000000,3.1563722853336547,22.066925033312206,3.1401381165889064,1,
153.000000000,3.0813723646715614,22.067034123548805,3.1401381165889064,1,
153.100000000,3.006372444009468,22.067143213785403,3.1401381165889064,1,
153.200000000,2.931372523347375,22.067252304022002,3.1401381165889064,1,
153.300000000,2.8563726026852816,22.0673613942586,3.1401381165889064,1,
153.400000000,2.7813726820231883,22.0674704844952,3.1401381165889064,1,
153.500000000,2.706372761361095,22.0675795747318,3.1401381165889064,1,
153.600000000,2.631372840699002,22.067688664968397,3.1401381165889064,1,
153.700000000,2.5563729200369085,22.067797755204996,3.1401381165889064,1,
153.800000000,2.4813729993748153,22.067906845441595,3.1401381165889064,1,
153.900000000,2.406373078712722,22.068015935678194,3.1401381165889064,1,
154.000000000,2.3313731580506287,22.068125025914792,-3.1305882525052486,1,
154.100000000,2.2563776991364235,22.06729971249083,-3.1181293144198174,1,
154.200000000,2.1813983429999992,22.065540123514037,-3.1069132899837975,1,
154.300000000,2.106443438164976,22.062939692555027,-3.0956972655477775,1,
154.400000000,2.0315224137998795,22.059498746742516,-3.0844812411117575,1,
154.500000000,1.956644694811145,22.055217718940213,-3.0732652166757375,1,
154.600000000,1.881819700657482,22.050097147692362,-3.0633227702139894,1,
154.700000000,1.8070493149492668,22.044232898290712,-3.053380323752241,1,
154.800000000,1.7323409288458491,22.037625550424686,-3.035111288647073,1,
154.900000000,1.6577657127987244,22.029654530946306,-3.016842253541905,1,
155.000000000,1.5833485561640146,22.02032250017026,-2.9985732184367366,1,
155.100000000,1.5091142955457715,22.00963257264652,-2.9803041833315684,1,
155.200000000,1.4350877065068013,21.99758831612088,-2.9620351482264002,1,
155.300000000,1.361293495299861,21.98419375034421,-2.943766113121232,1,
155.400000000,1.2877562906219873,21.969453345730887,-2.925497078016064,1,
155.500000000,1.2145006353947085,21.953372021866787,-2.9072280429108956,1,
155.600000000,1.1415509785728857,21.935955145867393,-2.8889590078057275,1,
155.700000000,1.0689316669849136,21.91720853058652,-2.8706899727005593,1,
155.800000000,1.0051016910724346,21.899481018560834,-2.8369359575419706,1,
155.900000000,0.941906334615302,21.879609495472142,-2.803181942383382,1,
156.000000000,0.8785942544219534,21.857326826252258,-2.7703007686988927,1,
156.100000000,0.816048945054435,21.832974801242145,-2.7374195950144036,1,
156.200000000,0.7543380226314953,21.806579746787158,-2.7045384213299144,1,
156.300000000,0.6935282012377046,21.77817019789903,-2.6716572476454252,1,
156.400000000,0.6336852208005814,21.747776867407392,-2.638776073960936,1,
156.500000000,0.5748737760208541,21.71543261275695,-2.605894900276447,1,
156.600000000,0.5171574464326907,21.68117240048612,-2.5730137265919577,1,
156.700000000,0.4605986276695069,21.645033268425635,-2.5401325529074685,1,
156.800000000,0.40597813079582457,21.607548180338764,-2.50637853774888,1,
156.900000000,0.35265377843403334,21.568241133224994,-2.472624522590291,1,
157.000000000,0.29381912658389897,21.521727869077296,-2.4543554874851234,1,
157.100000000,0.23584399790587124,21.474147574261416,-2.436086452379955,1,
157.200000000,0.17874774150412112,21.42551612862276,-2.4178174172747866,1,
157.300000000,0.12254941316063794,21.3758497628266,-2.3995483821696184,1,
157.400000000,0.06726776897539335,21.325165052941113,-2.38127934706445,1,
157.500000000,0.012921259106523697,21.273478914905148,-2.363010311959282,1,
157.600000000,-0.04047197838738002,21.220808598882556,-2.3585068113730907,1,
157.700000000,-0.09362747443697302,21.16789836131248,-2.3540033107868994,1,
157.800000000,-0.14654415096995244,21.114749275293022,-2.3509564360811517,1,
157.900000000,-0.1992986435233129,21.061439205742914,-2.347909561375404,1,
158.000000000,-0.2518904623539782,21.007968647562898,-2.3448626866696562,1,
158.100000000,-0.3043191192290437,20.9543380971436,-2.3418158119639085,1,
158.200000000,-0.3565841274303086,20.900548052360932,-2.338768937258161,1,
158.300000000,-0.40868500175879446,20.84659901257145,-2.335722062552413,1,
158.400000000,-0.4606212585392496,20.792491478607733,-2.3326751878466654,1,
158.500000000,-0.5123924156246392,20.73822595277374,-2.3296283131409177,1,
158.600000000,-0.5639979924006212,20.683802938840127,-2.331174942279488,1,
158.700000000,-0.6156876796403549,20.62945980465504,-2.3327215714180585,1,
158.800000000,-0.6674613536989441,20.575196680210578,-2.334268200556629,1,
158.900000000,-0.7193188907305912,20.52101369530746,-2.3358148296951993,1,
159.000000000,-0.7712601666888932,20.466910979554704,-2.3373614588337697,1,
159.100000000,-0.8232850573271383,20.412888662369316,-2.33890808797234,1,
159.200000000,-0.8753934381986034,20.358946872975984,-2.3404547171109105,1,
159.300000000,-0.9275851846568516,20.305085740406774,-2.342001346249481,1,
159.400000000,-0.9798601718560305,20.25130539350081,-2.3435479753880513,1,
159.500000000,-1.0322182747511706,20.197605960903978,-2.3450946045266217,1,
159.600000000,-1.0846593680984846,20.143987571068603,-2.346641233665192,1,
159.700000000,-1.1371833264556672,20.090450352253157,-2.3481878628037625,1,
159.800000000,-1.1897900241821946,20.036994432521944,-2.349734491942333,1,
159.900000000,-1.2424793354396255,19.9836199397448,-2.3512811210809033,1,
160.000000000,-1.295251134191902,19.930327001596773,-2.3528277502194737,1,
160.100000000,-1.348105294205651,19.877115745557838,-2.354374379358044,1,
160.200000000,-1.4010416890504864,19.823986298912576,-2.3559210084966145,1,
160.300000000,-1.454060192099311,19.770938788749877,-2.357467637635185,1,
160.400000000,-1.50716067652862,19.71797334196263,-2.3590142667737553,1,
160.500000000,-1.5603430153188043,19.665090085247428,-2.3605608959123257,1,
160.600000000,-1.6136070812544536,19.612289145104256,-2.362107525050896,1,
160.700000000,-1.6669527469246617,19.559570647836196,-2.3636541541894664,1,
160.800000000,-1.7203798847233307,19.506934719549122,-2.3636541541894664,1,
160.900000000,-1.7738070225219997,19.454298791262048,-2.3636541541894664,1,
161.000000000,-1.8272341603206688,19.401662862974973,-2.3636541541894664,1,
161.100000000,-1.8806612981193378,19.3490269346879,-2.3636541541894664,1,
161.200000000,-1.9340884359180068,19.296391006400825,-2.3636541541894664,1,
161.300000000,-1.9875155737166759,19.24375507811375,-2.3636541541894664,1,
161.400000000,-2.040942711515345,19.191119149826676,-2.3636541541894664,1,
161.500000000,-2.094369849314014,19.1384832215396,-2.3636541541894664,1,
161.600000000,-2.147796987112683,19.085847293252527,-2.3636541541894664,1,
161.700000000,-2.201224124911352,19.033211364965453,-2.3636541541894664,1,
161.800000000,-2.2546512627100213,18.98057543667838,-2.3621075250508965,1,
161.900000000,-2.3079969283802293,18.92785693941032,-2.3605608959123265,1,
162.000000000,-2.3612609943158787,18.875055999267147,-2.3590142667737566,1,
162.100000000,-2.414443333106063,18.822172742551945,-2.3574676376351866,1,
162.200000000,-2.4675438175353723,18.769207295764698,-2.3559210084966167,1,
162.300000000,-2.520562320584197,18.716159785602,-2.3543743793580467,1,
162.400000000,-2.5734987154290323,18.663030338956737,-2.3528277502194768,1,
162.500000000,-2.6263528754427816,18.609819082917802,-2.351281121080907,1,
162.600000000,-2.6791246741950583,18.556526144769776,-2.349734491942337,1,
162.700000000,-2.731813985452489,18.50315165199263,-2.348187862803767,1,
162.800000000,-2.784420683179017,18.449695732261418,-2.346641233665197,1,
162.900000000,-2.8369446415361996,18.39615851344597,-2.345094604526627,1,
163.000000000,-2.889385734883514,18.342540123610597,-2.345094604526627,1,
163.100000000,-2.941826828230828,18.288921733775222,-2.345094604526627,1,
163.200000000,-2.9942679215781425,18.235303343939847,-2.345094604526627,1,
163.300000000,-3.0467090149254568,18.181684954104472,-2.345094604526627,1,
163.400000000,-3.099150108272771,18.128066564269098,-2.345094604526627,1,
163.500000000,-3.1515912016200853,18.074448174433723,-2.345094604526627,1,
163.600000000,-3.2040322949673996,18.020829784598348,-2.345094604526627,1,
163.700000000,-3.256473388314714,17.967211394762973,-2.345094604526627,1,
163.800000000,-3.308914481662028,17.9135930049276,-2.3466412336651974,1,
163.900000000,-3.361438440019211,17.860055786112152,-2.348187862803768,1,
164.000000000,-3.4140451377457386,17.80659986638094,-2.349734491942338,1,
164.100000000,-3.46673444900317,17.753225373603794,-2.3512811210809086,1,
164.200000000,-3.5195062477554466,17.699932435455768,-2.352827750219479,1,
164.300000000,-3.572360407769196,17.646721179416833,-2.3543743793580494,1,
164.400000000,-3.6252968026140313,17.59359173277157,-2.35592100849662,1,
164.500000000,-3.6783153056628564,17.540544222608872,-2.35746763763519,1,
164.600000000,-3.7314157900921656,17.487578775821625,-2.3590142667737606,1,
164.700000000,-3.78459812888235,17.434695519106423,-2.360560895912331,1,
164.800000000,-3.8378621948179994,17.38189457896325,-2.360560895912331,1,
164.900000000,-3.8911262607536488,17.32909363882008,-2.360560895912331,1,
165.000000000,-3.944390326689298,17.276292698676908,-2.360560895912331,1,
165.100000000,-3.9976543926249475,17.223491758533736,-2.360560895912331,1,
165.200000000,-4.050918458560597,17.170690818390565,-2.360560895912331,1,
165.300000000,-4.104182524496246,17.117889878247393,-2.360560895912331,1,
165.400000000,-4.157446590431896,17.06508893810422,-2.360560895912331,1,
165.500000000,-4.210710656367545,17.01228799796105,-2.360560895912331,1,
165.600000000,-4.263974722303194,16.959487057817878,-2.360560895912331,1,
165.700000000,-4.317238788238844,16.906686117674706,-2.360560895912331,1,
165.800000000,-4.370502854174493,16.853885177531534,-2.360560895912331,1,
165.900000000,-4.423766920110142,16.801084237388363,-2.360560895912331,1,
166.000000000,-4.477030986045792,16.74828329724519,-2.360560895912331,1,
166.100000000,-4.530295051981441,16.69548235710202,-2.360560895912331,1,
166.200000000,-4.5835591179170905,16.642681416958848,-2.360560895912331,1,
166.300000000,-4.63682318385274,16.589880476815676,-2.360560895912331,1,
166.400000000,-4.690087249788389,16.537079536672504,-2.360560895912331,1,
166.500000000,-4.743351315724039,16.484278596529332,-2.360560895912331,1,
166.600000000,-4.796615381659688,16.43147765638616,-2.360560895912331,1,
166.700000000,-4.849879447595337,16.37867671624299,-2.360560895912331,1,
166.800000000,-4.903143513530987,16.325875776099817,-2.360560895912331,1,
166.900000000,-4.956407579466636,16.273074835956646,-2.360560895912331,1,
167.000000000,-5.009671645402285,16.220273895813474,-2.360560895912331,1,
167.100000000,-5.062935711337935,16.167472955670302,-2.360560895912331,1,
167.200000000,-5.116199777273584,16.11467201552713,-2.360560895912331,1,
167.300000000,-5.1694638432092335,16.06187107538396,-2.360560895912331,1,
167.400000000,-5.222727909144883,16.009070135240787,-2.353264930193265,1,
167.500000000,-5.2756053270025,15.955881991066443,-2.345968964474199,1,
167.600000000,-5.32809328207062,15.902309474112625,-2.3386729987551327,1,
167.700000000,-5.3801889803692236,15.848355436091538,-2.3313770330360666,1,
167.800000000,-5.431889648798464,15.794022749024085,-2.3240810673170005,1,
167.900000000,-5.483192535286283,15.739314305086992,-2.3167851015979344,1,
168.000000000,-5.534094908934904,15.684233016458855,-2.3094891358788683,1,
168.100000000,-5.584594060166202,15.628781815165118,-2.302193170159802,1,
168.200000000,-5.634687300865935,15.572963652922004,-2.294897204440736,1,
168.300000000,-5.684371964526838,15.51678150097939,-2.28760123872167,1,
168.400000000,-5.733645406390558,15.460238349962642,-2.280305273002604,1,
168.500000000,-5.782505003588441,15.40333720971343,-2.273009307283538,1,
168.600000000,-5.830948155281151,15.3460811091295,-2.2672421294585607,1,
168.700000000,-5.879060297075069,15.288546582000116,-2.2614749516335837,1,
168.800000000,-5.926839828748435,15.23073554193791,-2.256022347144514,1,
168.900000000,-5.974303430984827,15.17266483966262,-2.2505697426554447,1,
169.000000000,-6.021449692652332,15.114336201663956,-2.2454317115022833,1,
169.100000000,-6.068295638965005,15.055766095687698,-2.240293680349122,1,
169.200000000,-6.114840033222372,14.996956067943998,-2.2354702225318683,1,
169.300000000,-6.161100219447678,14.937922220276748,-2.230646764714615,1,
169.400000000,-6.204010127904127,14.882616345758219,-2.225137645243213,1,
169.500000000,-6.246614700066868,14.827074915898791,-2.2196285257718107,1,
169.600000000,-6.285891361244434,14.77528356636296,-2.21451291483408,1,
169.700000000,-6.324902565259723,14.723291971260698,-2.2093973038963495,1,
169.800000000,-6.361660382189019,14.673777926057642,-2.2045440319810665,1,
169.900000000,-6.398177462036162,14.624086069006259,-2.1996907600657836,1,
170.000000000,-6.431511689321747,14.578260962324615,-2.195230996684172,1,
170.100000000,-6.464641216652229,14.532287649087804,-2.1907712333025606,1,
170.200000000,-6.495628669308312,14.48888002046873,-2.1865738089433973,1,
170.300000000,-6.526433649287846,14.445342707128276,-2.182376384584234,1,
170.400000000,-6.554184804679596,14.405770185278714,-2.178572468758742,1,
170.500000000,-6.581785229115998,14.36609238692697,-2.17476855293325,1,
170.600000000,-6.602608831543961,14.335912558790174,-2.167774012193421,1,
170.700000000,-6.6232208322750195,14.305587818555388,-2.160779471453592,1,
170.800000000,-6.6408384878147775,14.279274400095215,-2.1542216200544133,1,
170.900000000,-6.658283206277363,14.252846014303818,-2.1476637686552347,1,
171.000000000,-6.675554237448108,14.226303797740822,-2.141105917256056,1,
171.100000000,-6.6926508385818115,14.199648891861175,-2.1345480658568774,1,
171.200000000,-6.708681672547689,14.17429120343422,-2.1283353645313396,1,
171.300000000,-6.724554658407179,14.14883441023664,-2.122122663205802,1,
171.400000000,-6.739396154330232,14.124699212360017,-2.116255111953905,1,
171.500000000,-6.754095781073409,14.100477347209104,-2.110387560702008,1,
171.600000000,-6.766084105824677,14.080459242551006,-2.104396578967237,1,
171.700000000,-6.777952288052974,14.06036967573038,-2.0984055972324662,1,
171.800000000,-6.788860786521596,14.041649389792271,-2.0924782679727905,1,
171.900000000,-6.79965813271652,14.022864774821732,-2.0865509387131143,1,
172.000000000,-6.810343947293188,14.00401649078107,-2.080623609453439,1,
172.100000000,-6.8209178548254945,13.985105199869482,-2.074696280193763,1,
172.200000000,-6.831379483818978,13.966131566499799,-2.0687689509340865,1,
172.300000000,-6.841728466723875,13.947096257275135,-2.0628416216744117,1,
172.400000000,-6.852751822503736,13.926530993557034,-2.0564583440101454,1,
172.500000000,-6.863643680807176,13.905895784153147,-2.050075066345879,1,
172.600000000,-6.8736350323316175,13.886670349459505,-2.044147737086203,1,
172.700000000,-6.883512253528017,13.867386030807246,-2.0382204078265276,1,
172.800000000,-6.892524017082479,13.8495313922604,-2.0324098706988956,1,
172.900000000,-6.901431884051851,13.831624692227843,-2.0265993335712653,1,
173.000000000,-6.9117028319589755,13.810673509122022,-2.0198203735890288,1,
173.100000000,-6.921831517725837,13.789653181601247,-2.0130414136067927,1,
173.200000000,-6.931104193171018,13.770070997490867,-2.006746665051859,1,
173.300000000,-6.940253420796117,13.75043083256517,-2.000451916496924,1,
173.400000000,-6.9714952498370995,13.682247637288224,-1.977939649127599,1,
173.500000000,-7.001194333826777,13.61337845397541,-1.9554273817582737,1,
173.600000000,-7.029335621840247,13.543858184205055,-1.934453755147114,1,
173.700000000,-7.056012735220959,13.473763023019188,-1.9134801285359533,1,
173.800000000,-7.080093885807638,13.40626332451962,-1.8938743471385637,1,
173.900000000,-7.102847108753076,13.338304499068421,-1.8742685657411742,1,
174.000000000,-7.122769480426452,13.274684191372275,-1.8560306295575568,1,
174.100000000,-7.1415283000899334,13.210711141349023,-1.837792693373939,1,
174.200000000,-7.1577981511975866,13.151229465828637,-1.820922602404093,1,
174.300000000,-7.1730622734803475,13.091481793499794,-1.804052511434246,1,
174.400000000,-7.186545833716178,13.034728191137084,-1.7880943172735804,1,
174.500000000,-7.1991220305345935,12.977766651030077,-1.7721361231129147,1,
174.600000000,-7.214120698660859,12.904281686891567,-1.7506556196167997,1,
174.700000000,-7.227537533994683,12.830491521356958,-1.7291751161206852,1,
174.800000000,-7.239366346084866,12.756430200787209,-1.7076946126245698,1,
174.900000000,-7.2496016771850655,12.682131896652665,-1.6862141091284548,1,
175.000000000,-7.256895251591781,12.619219935282153,-1.7024753452656904,1,
175.100000000,-7.265210842882027,12.556434888872959,-1.7187365814029256,1,
175.200000000,-7.273072240228312,12.503684127018666,-1.734231347076609,1,
175.300000000,-7.281750021868874,12.451061503079497,-1.749726112750293,1,
175.400000000,-7.290648849257006,12.401859766615058,-1.7642524555693708,1,
175.500000000,-7.30026143392557,12.352792484073738,-1.7787787983884493,1,
175.600000000,-7.3098974599416096,12.307131507513922,-1.7923367183529222,1,
175.700000000,-7.32015164923757,12.2616053679932,-1.805894638317396,1,
175.800000000,-7.327528038039735,12.230809805552857,-1.8220296108632406,1,
175.900000000,-7.33540033068316,12.200137264309685,-1.8381645834090858,1,
176.000000000,-7.343326154230197,12.171203178509348,-1.8534503468735717,1,
176.100000000,-7.351693314211203,12.142393620479899,-1.868736110338056,1,
176.200000000,-7.360010603337571,12.115308560403056,-1.883172664721181,1,
176.300000000,-7.368718027119558,12.088346391557456,-1.8976092191043055,1,
176.400000000,-7.376743683342391,12.06466963413181,-1.9103473553247092,1,
176.500000000,-7.385070278057277,12.041097026714429,-1.9230854915451134,1,
176.600000000,-7.3948466178284065,12.014503776471985,-1.934303451780264,1,
176.700000000,-7.404920658232668,11.9880218677849,-1.9455214120154134,1,
176.800000000,-7.4146811036980145,11.96320564697211,-1.9555979056501898,1,
176.900000000,-7.4246911099100075,11.938489035417389,-1.9656743992849635,1,
177.000000000,-7.433667341679767,11.916951354305905,-1.974491331215391,1,
177.100000000,-7.442833118361279,11.895493652139338,-1.9833082631458196,1,
177.200000000,-7.452187727427366,11.874117596991928,-1.9921251950762473,1,
177.300000000,-7.461730441671438,11.852824850590855,-2.0009421270066747,1,
177.400000000,-7.4707655137217,11.833131909787333,-2.0091292780849295,1,
177.500000000,-7.4799615102460875,11.813513599657052,-2.017316429163184,1,
177.600000000,-7.4885980991071035,11.795474494001677,-2.0238148230799045,1,
177.700000000,-7.497351730000375,11.777491892794277,-2.0303132169966247,1,
177.800000000,-7.505482841329987,11.761060333536053,-2.0362700780869525,1,
177.900000000,-7.51371168833419,11.744677501421533,-2.0422269391772794,1,
178.000000000,-7.522794914536723,11.726859111995054,-2.048725333094,1,
178.100000000,-7.531993739050089,11.709100124761196,-2.055223727010721,1,
178.200000000,-7.540531603886752,11.69287619258857,-2.061180588101048,1,
178.300000000,-7.549165960382974,11.67670340683573,-2.0671374491913763,1,
178.400000000,-7.559483873388029,11.65765123856898,-2.074177375934489,1,
178.500000000,-7.569935655474327,11.638672179170133,-2.0812173026776026,1,
178.600000000,-7.579706547634407,11.621221400780728,-2.085687832330269,1,
178.700000000,-7.5895553561182965,11.603814477691117,-2.090158361982936,1,
178.800000000,-7.599481884091629,11.586451757789137,-2.094300162866628,1,
178.900000000,-7.609480239645728,11.569130300396242,-2.0984419637503198,1,
179.000000000,-7.619550251263901,11.551850402653205,-2.1025837646340118,1,
179.100000000,-7.629691746200235,11.534612360987856,-2.106725565517704,1,
179.200000000,-7.640755617506083,11.515983480286856,-2.1112125164750366,1,
179.300000000,-7.6519029640327805,11.497404429992017,-2.1156994674323695,1,
179.400000000,-7.662269669252551,11.480300879983718,-2.1198412683160615,1,
179.500000000,-7.672707124850555,11.463240413382838,-2.1239830691997534,1,
179.600000000,-7.683215151777562,11.446223322852983,-2.127150758002564,1,
179.700000000,-7.6937770307414945,11.429239603803516,-2.130318446805375,1,
179.800000000,-7.7043926557618825,11.412289426653217,-2.1334861356081856,1,
179.900000000,-7.715061920318956,11.3953729614843,-2.1366538244109963,1,
180.000000000,-7.726678283774356,11.377083496087069,-2.1400854872807082,1,
180.100000000,-7.7383573419869975,11.358834001745851,-2.14351715015042,1,
180.200000000,-7.74919575623359,11.342025409400884,-2.146684838953231,1,
180.300000000,-7.760087360403253,11.325251234052708,-2.1498525277560416,1,
180.400000000,-7.771032045206975,11.30851164401749,-2.1530202165588523,1,
180.500000000,-7.782029700823117,11.29180680726436,-2.156187905361663,1,
180.600000000,-7.79308021689852,11.275136891413725,-2.1593555941644738,1,
180.700000000,-7.80418348254961,11.258502063735587,-2.1625232829672845,1,
180.800000000,-7.815339386363511,11.241902491147867,-2.165690971770095,1,
180.900000000,-7.826547816399161,11.225338340214725,-2.168858660572906,1,
181.000000000,-7.837808660188441,11.208809777144891,-2.17138524813891,1,
181.100000000,-7.849111228852632,11.192309718308897,-2.1739118357049145,1,
181.200000000,-7.8614008020224855,11.174465648264558,-2.176648972234753,1,
181.300000000,-7.873739170751113,11.156655283260974,-2.179386108764591,1,
181.400000000,-7.885173390919821,11.140246181849456,-2.1819126963305955,1,
181.500000000,-7.896649033580035,11.123866022340614,-2.1844392838966,1,
181.600000000,-7.908166025475367,11.107514909299514,-2.186965871462604,1,
181.700000000,-7.919724293085473,11.091192947105796,-2.1894924590286085,1,
181.800000000,-7.930357140164762,11.076257965549077,-2.191225469264903,1,
181.900000000,-7.941015853740073,11.061341433243255,-2.192958479501198,1,
182.000000000,-7.952671724350723,11.045089027873349,-2.1948490361226103,1,
182.100000000,-7.96435830020543,11.028858687618376,-2.1967395927440228,1,
182.200000000,-7.976075539533997,11.012650470488873,-2.198630149365435,1,
182.300000000,-7.9878234004566275,10.996464434416303,-2.2005207059868477,1,
182.400000000,-8.000583377694701,10.978953654155895,-2.202568808993378,1,
182.500000000,-8.013379192027104,10.961469044351409,-2.204616911999908,1,
182.600000000,-8.025223743798014,10.945353629577156,-2.206824932553681,1,
182.700000000,-8.03710384983388,10.929264407079577,-2.209032953107454,1,
182.800000000,-8.049019452214994,10.91320145529931,-2.211240973661227,1,
182.900000000,-8.060970492848591,10.897164852548912,-2.2134489942149997,1,
183.000000000,-8.072956913469133,10.881154677012477,-2.2156570147687726,1,
183.100000000,-8.084978655638588,10.86517100674526,-2.2178650353225455,1,
183.200000000,-8.098040411172404,10.847884162417296,-2.2202570575891327,1,
183.300000000,-8.111143479815171,10.830628611525269,-2.22264907985572,1,
183.400000000,-8.123276686072712,10.814729388087882,-2.224857100409493,1,
183.500000000,-8.135444968537037,10.798856993754688,-2.2270651209632657,1,
183.600000000,-8.14968215110788,10.780370591268296,-2.2296411449426676,1,
183.700000000,-8.163966907803923,10.761920925401963,-2.2322171689220696,1,
183.800000000,-8.177275412688072,10.744823319072625,-2.235998607593706,1,
183.900000000,-8.190648475817008,10.727776160159952,-2.2397800462653423,1,
184.000000000,-8.203052257492823,10.712087113020667,-2.2432706050391604,1,
184.100000000,-8.215510727034813,10.6964414575,-2.2467611638129785,1,
184.200000000,-8.23010923358485,10.678239038678509,-2.250833482382433,1,
184.300000000,-8.244781744929147,10.660096220394243,-2.254905800951888,1,
184.400000000,-8.292180478971632,10.60197255902325,-2.269765212375122,1,
184.500000000,-8.340437631854444,10.5445596058189,-2.284624623798356,1,
184.600000000,-8.389542548492566,10.487870037449023,-2.29948403522159,1,
184.700000000,-8.4394843866164,10.431916370859488,-2.3143434466448243,1,
184.800000000,-8.49025211916572,10.376710960510495,-2.3314995855080594,1,
184.900000000,-8.541959445811806,10.32238460989576,-2.3486557243712944,1,
185.000000000,-8.594591147750164,10.268953308666314,-2.3658118632345295,1,
185.100000000,-8.648131734108729,10.216432783036984,-2.3829680020977646,1,
185.200000000,-8.70256544650723,10.164838491157772,-2.4001241409609997,1,
185.300000000,-8.757876263695284,10.114185618564113,-2.4172802798242348,1,
185.400000000,-8.814047906267872,10.064489073707378,-2.43443641868747,1,
185.500000000,-8.871063841456781,10.015763483566937,-2.451592557550705,1,
185.600000000,-8.927772179064522,9.968960035913414,-2.478064343465977,1,
185.700000000,-8.98569947464308,9.92367398184106,-2.5045361293812487,1,
185.800000000,-9.044039592323347,9.88050354116532,-2.53196026370205,1,
185.900000000,-9.103541536638314,9.838949060037242,-2.5593843980228517,1,
186.000000000,-9.164160559983268,9.799041788922958,-2.586808532343653,1,
186.100000000,-9.225851074669842,9.760811739527352,-2.6142326666644546,1,
186.200000000,-9.290661475434103,9.723067707511998,-2.6241751131262028,1,
186.300000000,-9.355843934732965,9.685969904345878,-2.634117559587951,1,
186.400000000,-9.419273378027995,9.650700058834909,-2.6615416939087524,1,
186.500000000,-9.483646094454226,9.617182754960744,-2.688965828229554,1,
186.600000000,-9.54891367341093,9.58544319894281,-2.7163899625503554,1,
186.700000000,-9.61502703132853,9.555505260070133,-2.743814096871157,1,
186.800000000,-9.681936448581222,9.527391452750768,-2.7712382311919583,1,
186.900000000,-9.74959160687791,9.501122919580162,-2.79866236551276,1,
187.000000000,-9.81447360298255,9.477957629280853,-2.8297689398962778,1,
187.100000000,-9.880044687714715,9.456821476834845,-2.8608755142797957,1,
187.200000000,-9.94710904807586,9.437484747859058,-2.891079113812918,1,
187.300000000,-10.014726770805451,9.420182115371569,-2.9212827133460406,1,
187.400000000,-10.082836175823102,9.404929362627414,-2.951486312879163,1,
187.500000000,-10.151375134541713,9.391740403005766,-2.9816899124122855,1,
187.600000000,-10.220281126540415,9.380627267318326,-3.011893511945408,1,
187.700000000,-10.289491296594964,9.371600092834951,-3.0420971114785305,1,
187.800000000,-10.358044002915152,9.364756807852453,-3.0732036858620484,1,
187.900000000,-10.426776382285395,9.360048929425945,-3.1043102602455663,1,
188.000000000,-10.495621933314162,9.357481012620584,-3.1354168346290843,1,
188.100000000,-10.564514045111709,9.357055542001033,3.116661898166984,1,
188.200000000,-10.633386061738841,9.35877292922754,3.085555323783466,1,
188.300000000,-10.702171346699265,9.362631512657636,3.054448749399948,1,
188.400000000,-10.771702895810122,9.368706148150988,3.0242451498668257,1,
188.500000000,-10.841019284033166,9.376877796812368,2.9940415503337032,1,
188.600000000,-10.909164118595598,9.38700625255017,2.9629349759501853,1,
188.700000000,-10.976960975944762,9.399249218969745,2.9318284015666674,1,
188.800000000,-11.044344259844992,9.413594850499749,2.9007218271831494,1,
188.900000000,-11.111248774209871,9.430029267154243,2.8696152527996315,1,
189.000000000,-11.177609786182108,9.448536567962151,2.8385086784161135,1,
189.100000000,-11.243363088765234,9.469098846352095,2.8074021040325956,1,
189.200000000,-11.3084450629465,9.491696207477737,2.7762955296490777,1,
189.300000000,-11.372792739250876,9.51630678746686,2.7451889552655597,1,
189.400000000,-11.436343858666595,9.542906774575556,2.714082380882042,1,
189.500000000,-11.499036932883296,9.571470432227068,2.682975806498524,1,
189.600000000,-11.564113221438024,9.603600370711709,2.6555516721777224,1,
189.700000000,-11.628284014831616,9.63750266494561,2.628127537856921,1,
189.800000000,-11.691501054316735,9.67315181918273,2.6007034035361194,1,
189.900000000,-11.753716798403325,9.710521023975405,2.573279269215318,1,
190.000000000,-11.814884458611528,9.749582176336016,2.5458551348945164,1,
190.100000000,-11.8749580346583,9.790305900871447,2.518431000573715,1,
190.200000000,-11.933892349051286,9.83266157187444,2.4910068662529135,1,
190.300000000,-11.991643081063915,9.87661733635523,2.463582731932112,1,
190.400000000,-12.048166800066186,9.922140137996136,2.4361585976113105,1,
190.500000000,-12.103420998186065,9.969195742011111,2.408734463290509,1,
190.600000000,-12.157364122276936,10.017748760891527,2.3813103289697075,1,
190.700000000,-12.209955605167062,10.067762681018854,2.353886194648906,1,
190.800000000,-12.26115589616756,10.119199890124221,2.3264620603281045,1,
190.900000000,-12.310926490815945,10.172021705574197,2.299037926007303,1,
191.000000000,-12.35860504483124,10.225487634287228,2.2706748581452465,1,
191.100000000,-12.404748167851054,10.280284187501046,2.24231179028319,1,
191.200000000,-12.44931874190011,10.336367286337273,2.2139487224211334,1,
191.300000000,-12.49228091397676,10.393691817007769,2.185585654559077,1,
191.400000000,-12.53360012489349,10.452211667104596,2.1572225866970203,1,
191.500000000,-12.573243137076659,10.511879762693288,2.1288595188349637,1,
191.600000000,-12.605638706693007,10.563774557319142,2.0900358430137445,1,
191.700000000,-12.635995624223296,10.61688764608346,2.0512121671925234,1,
191.800000000,-12.66388833576178,10.67041018886315,2.0115666694485506,1,
191.900000000,-12.689637757739982,10.724996205482437,1.9719211717045766,1,
192.000000000,-12.716537481438523,10.78842103467508,1.9408145973210584,1,
192.100000000,-12.741451580836486,10.852651804126817,1.9097080229375405,1,
192.200000000,-12.7646561543461,10.918477978908355,1.8795044234044176,1,
192.300000000,-12.78586225924219,10.98497488585348,1.8493008238712951,1,
192.400000000,-12.805301903031516,11.052960915690951,1.8200115020162353,1,
192.500000000,-12.82274222911206,11.121487078796159,1.7907221801611752,1,
192.600000000,-12.838370346154866,11.191398537111894,1.7623591122991196,1,
192.700000000,-12.85200953990832,11.26172507861574,1.7339960444370626,1,
192.800000000,-12.863956127241359,11.334276283413343,1.7075242585217916,1,
192.900000000,-12.873978193338726,11.40711827993753,1.6810524726065192,1,
193.000000000,-12.882175066038007,11.481160691091155,1.6555472198810128,1,
193.100000000,-12.888481007107307,11.555388061236682,1.630041967155506,1,
193.200000000,-12.892921831154057,11.630256473012182,1.6055182396528362,1,
193.300000000,-12.895525451385842,11.705211267132963,1.5809945121501665,1,
193.400000000,-12.896290302029534,11.780207367054844,1.5574681494310991,1,
193.500000000,-12.895290718322256,11.855200705641762,1.5339417867120313,1,
193.600000000,-12.89312687389129,11.913887224363043,1.4926681836928164,1,
193.700000000,-12.888543355837758,11.972434479333687,1.4513945806736008,1,
193.800000000,-12.885505215154868,11.997758136720794,1.3768998335103908,1,
193.900000000,-12.8805907654931,12.022785443942917,1.302405086347181,1,
194.000000000,-12.87604128997754,12.039327371812304,1.2195612253388848,1,
194.100000000,-12.870138587119012,12.055436102490622,1.1367173643305881,1,
194.200000000,-12.862923144624933,12.071001143278147,1.0538735033222917,1,
194.300000000,-12.85444445452151,12.085915730742531,0.9710296423139952,1,
194.400000000,-12.844760673678973,12.100077563028517,0.888185781305699,1,
194.500000000,-12.833938224903081,12.113389501564878,0.8053419202974025,1,
194.600000000,-12.808772305493765,12.139579792569366,0.7416634682079195,1,
194.700000000,-12.781990761749485,12.164115557429856,0.6779850161184366,1,
194.800000000,-12.732664345762212,12.203839804395173,0.6493889196598776,1,
194.900000000,-12.68222229282661,12.242137459764049,0.6207928232013185,1,
195.000000000,-12.621215977119197,12.285763477732772,0.6379489620645534,1,
195.100000000,-12.560967056587668,12.330429657049851,0.6551051009277883,1,
195.200000000,-12.501493264048664,12.37612285130269,0.6786314636468558,1,
195.300000000,-12.44311082531569,12.423202473726734,0.7021578263659232,1,
195.400000000,-12.385852052979315,12.471642467435766,0.7256841890849904,1,
195.500000000,-12.329748637720963,12.521416022626738,0.7492105518040579,1,
195.600000000,-12.274831630773264,12.572495591418049,0.771722819173383,1,
195.700000000,-12.221078359049464,12.624798419056594,0.7942350865427082,1,
195.800000000,-12.168516063674451,12.678297999474667,0.8167473539120333,1,
195.900000000,-12.117171382209191,12.73296722011326,0.8392596212813583,1,
196.000000000,-12.067070335151326,12.78877837566218,0.8617718886506835,1,
196.100000000,-12.018238312748485,12.845703182100571,0.8842841560200086,1,
196.200000000,-11.970700062130993,12.903712791030717,0.9067964233893335,1,
196.300000000,-11.9244796747705,12.962777804297847,0.9293086907586587,1,
196.400000000,-11.879600574270897,13.022868288888558,0.9518209581279837,1,
196.500000000,-11.83608550449767,13.083953792100294,0.974333225497309,1,
196.600000000,-11.793956518051747,13.146003356974186,0.9968454928666338,1,
196.700000000,-11.753234965093679,13.208985537983446,1.0193577602359591,1,
196.800000000,-11.71394148252377,13.272868416969356,1.0418700276052846,1,
196.900000000,-11.676095983523707,13.337619619316772,1.0643822949746096,1,
197.000000000,-11.63971764746493,13.403206330360968,1.085862798470725,1,
197.100000000,-11.604756431020506,13.469559275621341,1.1073433019668393,1,
197.200000000,-11.571228465096038,13.536647840227895,1.1288238054629545,1,
197.300000000,-11.539149219303521,13.604441069900062,1.1503043089590699,1,
197.400000000,-11.50853349482376,13.672907685228845,1.1717848124551844,1,
197.500000000,-11.479395417577184,13.742016096108943,1.1932653159512996,1,
197.600000000,-11.451748431706223,13.811734416314259,1.2147458194474143,1,
197.700000000,-11.425605293372268,13.882030478210012,1.2362263229435293,1,
197.800000000,-11.400978064870039,13.952871847594709,1.257706826439644,1,
197.900000000,-11.377878109062122,14.024225838665092,1.2791873299357592,1,
198.000000000,-11.356316084136202,14.096059529097186,1.2996174123464046,1,
198.100000000,-11.336226025048438,14.168318712083504,1.32004749475705,1,
198.200000000,-11.317616316862127,14.240973228537888,1.3404775771676947,1,
198.300000000,-11.300494726780956,14.313992754372368,1.3609076595783398,1,
198.400000000,-11.284868400907179,14.387346813153641,1.3791766946835076,1,
198.500000000,-11.270584715994744,14.460974093052618,1.397445729788676,1,
198.600000000,-11.257648439200077,14.534850021085312,1.4146018686519106,1,
198.700000000,-11.245981429652618,14.608937002993198,1.4317580075151461,1,
198.800000000,-11.235587121255236,14.683213233060023,1.448914146378381,1,
198.900000000,-11.226468573321911,14.757656849868905,1.466070285241616,1,
199.000000000,-11.218628469677302,14.832245942736709,1.48092969666485,1,
199.100000000,-11.211897540803859,14.906943296080055,1.4957891080880839,1,
199.200000000,-11.206277272877522,14.981732416869352,1.5094619816741035,1,
199.300000000,-11.201680080623374,15.056591389767586,1.5231348552601243,1,
199.400000000,-11.198106823461497,15.131506220297029,1.5355937933455555,1,
199.500000000,-11.195467178714333,15.206459754407227,1.5480527314309873,1,
199.600000000,-11.193761556115803,15.28144035757599,1.557995177892735,1,
199.700000000,-11.192801496169386,15.35643421255691,1.5679376243544831,1,
199.800000000,-11.192587093778377,15.431433906100382,1.5765740270467898,1,
199.900000000,-11.193020418886396,15.506432654285607,1.5852104297390956,1,
200.000000000,-11.194101439173028,15.581424863181864,1.5938468324314021,1,
200.100000000,-11.195830074008226,15.65640493934618,1.6024832351237082,1,
200.200000000,-11.198206194458324,15.731367290240524,1.6040298642622777,1,
200.300000000,-11.200698250976476,15.80632587650194,1.605576493400848,1,
200.400000000,-11.20330623760153,15.881280518824905,1.607123122539418,1,
200.500000000,-11.206030148095023,15.956231037913325,1.608669751677988,1,
200.600000000,-11.208869975941193,16.03117725448097,1.610216380816558,1,
200.700000000,-11.211825714346999,16.1061189892519,1.6117630099551281,1,
200.800000000,-11.214897356242133,16.1810560629609,1.6133096390936976,1,
200.900000000,-11.218084894279041,16.2559882963539,1.6148562682322678,1,
201.000000000,-11.221388320832936,16.330915510188415,1.6148562682322678,1,
201.100000000,-11.224691747386832,16.40584272402293,1.6148562682322676,1,
201.200000000,-11.227995173940727,16.480769937857442,1.6164010116706622,1,
201.300000000,-11.231414339829147,16.555691959350643,1.617945755109057,1,
201.400000000,-11.23494923689317,16.630608609721218,1.6194923842476274,1,
201.500000000,-11.238599997957582,16.705519703316565,1.6210390133861974,1,
201.600000000,-11.242366614289539,16.78042506094476,1.6179921386804492,1,
201.700000000,-11.24590498625156,16.855341547273596,1.6149452639747013,1,
201.800000000,-11.249215080995388,16.93026846682049,1.6118983892689538,1,
201.900000000,-11.252296867791962,17.00520512400601,1.608851514563206,1,
202.000000000,-11.255150318031706,17.080150823160327,1.6058046398574584,1,
202.100000000,-11.257775405224791,17.155104868529666,1.6027577651517109,1,
202.200000000,-11.26017210500138,17.23006656428277,1.5997108904459632,1,
202.300000000,-11.262340395111861,17.30503521451736,1.5966640157402152,1,
202.400000000,-11.264280255427044,17.380010123266604,1.5936171410344677,1,
202.500000000,-11.265991667938357,17.454990594505563,1.5905702663287198,1,
202.600000000,-11.267474616758006,17.529975932157654,1.5875233916229723,1,
202.700000000,-11.26872908811913,17.604965440101125,1.5844765169172244,1,
202.800000000,-11.26936747707891,17.65162774005852,1.5482781397912557,1,
202.900000000,-11.26831671715858,17.698282575621057,1.5120797626652875,1,
203.000000000,-11.26699563356878,17.720756047215776,1.434592030151481,1,
203.100000000,-11.263938837919946,17.743059817922344,1.3571042976376748,1,
203.200000000,-11.263610845185793,17.74457126854903,1.258650926950268,1,
203.300000000,-11.26313587367037,17.746043159947913,1.1601975562628613,1,
203.400000000,-11.262518523586367,17.747461236498864,1.0617441855754544,1,
203.500000000,-11.26176477411696,17.748811763791423,0.963290814888048,1,
203.600000000,-11.260881925505982,17.750081661645844,0.8648374442006413,1,
203.700000000,-11.25987852835332,17.75125863079778,0.7663840735132347,1,
203.800000000,-11.258764300800312,17.75233127201957,0.6679307028258278,1,
203.900000000,-11.25755003440722,17.75328919652452,0.569477332138421,1,
204.000000000,-11.256247489634397,17.754123126584755,0.4710239614510146,1,
204.100000000,-11.254869281939406,17.754824985388247,0.3725705907636079,1,
204.200000000,-11.253428759593305,17.755387975264668,0.2741172200762012,1,
204.300000000,-11.251939874399445,17.755806643522455,0.17566384938879448,1,
204.400000000,-11.250417046566925,17.75607693525943,0.07721047870138785,1,
204.500000000,-11.248875025047413,17.75619623263549,-0.02124289198601884,1,
204.600000000,-11.247328744688025,17.756163380227022,-0.11969626267342552,1,
204.700000000,-11.245793181583759,17.75597869621746,-0.21814963336083226,1,
204.800000000,-11.244283208030435,17.755643969315596,-0.3166030040482388,1,
204.900000000,-11.242813448482954,17.755162441431505,-0.4150563747356456,1,
205.000000000,-11.241398137913954,17.75453877627788,-0.5135097454230523,1,
205.100000000,-11.240050983944698,17.75377901420085,-0.6119631161104587,1,
205.200000000,-11.238785034083486,17.75289051367779,-0.7104164867978655,1,
205.300000000,-11.237612549357413,17.751881880048717,-0.8088698574852724,1,
205.400000000,-11.236544885561395,17.750762882171486,-0.907323228172679,1,
205.500000000,-11.235592383274575,17.749544357808094,-1.0057765988600855,1,
205.600000000,-11.228921463108401,17.739021812210662,-1.0933176606343176,1,
205.700000000,-11.223196066441957,17.727956326467805,-1.1808587224085494,1,
205.800000000,-11.218932511121084,17.717582257671054,-1.2696426978287876,1,
205.900000000,-11.215605590203875,17.70687101103098,-1.3584266732490249,1,
206.000000000,-11.213241511236086,17.695906963511568,-1.447210648669263,1,
206.100000000,-11.211858897055247,17.68477648349493,-1.5359946240895002,1,
206.200000000,-11.211512952826277,17.674840057217583,-1.6260521774804055,1,
206.300000000,-11.212062051653078,17.66491278493094,-1.7161097308713105,1,
206.400000000,-11.213501743153953,17.65507512601446,-1.8061672842622158,1,
206.500000000,-11.21582035879787,17.645406813541722,-1.8962248376531212,1,
206.600000000,-11.225411803852511,17.616981399177746,-1.9626674723554023,1,
206.700000000,-11.236869355493699,17.589255517579687,-2.0291101070576825,1,
206.800000000,-11.253829422673595,17.554878191248253,-2.0509750543317318,1,
206.900000000,-11.271537034452608,17.520879883503188,-2.0728400016057837,1,
207.000000000,-11.29639996597917,17.475588834935618,-2.0671359485085374,1,
207.100000000,-11.321004151888953,17.430156704453314,-2.0614318954112902,1,
207.200000000,-11.35520092554971,17.366142354887923,-2.0340077610904888,1,
207.300000000,-11.387629522530437,17.30121437650459,-2.0065836267696864,1,
207.400000000,-11.418265555358493,17.235421597481025,-1.979159492448886,1,
207.500000000,-11.44708598463403,17.16881349635617,-1.9517353581280847,1,
207.600000000,-11.472040250862246,17.106506021339257,-1.918854184443596,1,
207.700000000,-11.49493265463001,17.043411848108242,-1.8859730107591055,1,
207.800000000,-11.515738447550794,16.97959918614442,-1.8530918370746183,1,
207.900000000,-11.534435137019173,16.9151370216687,-1.820210663390128,1,
208.000000000,-11.551002510526999,16.850095043062385,-1.7873294897056404,1,
208.100000000,-11.565422657514619,16.784543565528868,-1.7544483160211524,1,
208.200000000,-11.578505091355058,16.71411132879776,-1.7260852481590945,1,
208.300000000,-11.589584856899087,16.643336412043123,-1.6977221802970388,1,
208.400000000,-11.59865304147594,16.572275747293794,-1.6693591124349814,1,
208.500000000,-11.605702350550073,16.500986496437065,-1.6409960445729246,1,
208.600000000,-11.610598014879168,16.431362003699885,-1.6107924450398021,1,
208.700000000,-11.613388855746624,16.361621422074943,-1.5805888455066799,1,
208.800000000,-11.613976397478995,16.301624298854637,-1.5411762122196433,1,
208.900000000,-11.612199450465507,16.241650617465954,-1.5017635789326067,1,
209.000000000,-11.607026105608101,16.166829253518305,-1.4799740647039896,1,
209.100000000,-11.600223796640728,16.092138366572758,-1.4581845504753725,1,
209.200000000,-11.591983042913236,16.019269527170852,-1.4393557507375208,1,
209.300000000,-11.582371798197862,15.946568758586201,-1.4205269509996694,1,
209.400000000,-11.571143962344568,15.872413949557714,-1.408666861371492,1,
209.500000000,-11.559037454082077,15.798397515857554,-1.3968067717433144,1,
209.600000000,-11.546053976312777,15.724529868642998,-1.4041027374623807,1,
209.700000000,-11.533609775144928,15.650569461280044,-1.411398703181447,1,
209.800000000,-11.521705512994304,15.576520230746235,-1.4186946689005135,1,
209.900000000,-11.51034182353525,15.50238611874725,-1.4259906346195794,1,
210.000000000,-11.499519311666953,15.42817107150708,-1.4332866003386462,1,
210.100000000,-11.48923855348124,15.353879039557976,-1.4405825660577125,1,
210.200000000,-11.479500096231911,15.279513977530145,-1.4478785317767782,1,
210.300000000,-11.470304458305613,15.205079843941258,-1.455174497495845,1,
210.400000000,-11.461652129194242,15.130580600985718,-1.4638109001881519,1,
210.500000000,-11.45364352022259,15.056009412297733,-1.4724473028804579,1,
210.600000000,-11.447138790320277,14.990083552451187,-1.5062013180390463,1,
210.700000000,-11.44286260553861,14.923975725748734,-1.539955333197636,1,
210.800000000,-11.440846479080262,14.858624809371406,-1.5745733246841869,1,
210.900000000,-11.441093426201268,14.793243267217889,-1.6091913161707379,1,
211.000000000,-11.443603150988434,14.727909445052449,-1.6438093076572897,1,
211.100000000,-11.448372646074542,14.662701631457173,-1.6784272991438407,1,
211.200000000,-11.455396196242035,14.597697964019886,-1.7130452906303917,1,
211.300000000,-11.464665385271475,14.532976335703,-1.7476632821169429,1,
211.400000000,-11.47616910602659,14.468614301505493,-1.7822812736034945,1,
211.500000000,-11.489893573763784,14.40468898552987,-1.8168992650900462,1,
211.600000000,-11.506245476934325,14.339592502455336,-1.8497804387745342,1,
211.700000000,-11.52472860438309,14.275068779332097,-1.8826616124590236,1,
211.800000000,-11.545322974478315,14.21118757109092,-1.9155427861435128,1,
211.900000000,-11.568006323178333,14.148017938056325,-1.948423959828002,1,
212.000000000,-11.59275412810065,14.085628171287258,-1.9813051335124912,1,
212.100000000,-11.619539635032469,14.024085718749378,-2.0141863071969803,1,
212.200000000,-11.648333886853973,13.963457112398814,-2.0470674808814695,1,
212.300000000,-11.679105754843116,13.90380789625618,-2.0799486545659596,1,
212.400000000,-11.711821972328087,13.845202555548633,-2.112829828250448,1,
212.500000000,-11.746447170651047,13.787704446996548,-2.145711001934937,1,
212.600000000,-11.782943917404273,13.731375730320215,-2.178592175619426,1,
212.700000000,-11.821272756897363,13.676277301040564,-2.2114733493039154,1,
212.800000000,-11.866103132497734,13.616150456590438,-2.2187693150229815,1,
212.900000000,-11.911370994421922,13.55635229042447,-2.2260652807420476,1,
213.000000000,-11.957073933021816,13.496885985651646,-2.2333612464611137,1,
213.100000000,-12.003209515489791,13.437754707715678,-2.2406572121801798,1,
213.200000000,-12.049775285988211,13.378961604226506,-2.247953177899246,1,
213.300000000,-12.09676876578015,13.320509804792744,-2.255249143618312,1,
213.400000000,-12.14418745336134,13.262402420855095,-2.262545109337378,1,
213.500000000,-12.192028824593331,13.204642545520716,-2.269841075056444,1,
213.600000000,-12.240290332837848,13.147233253398584,-2.250481114481958,1,
213.700000000,-12.287431424759546,13.088900437141952,-2.2311211539074716,1,
213.800000000,-12.333434432048445,13.02966595967842,-2.2086088865381464,1,
213.900000000,-12.378092392857413,12.96941094713685,-2.186096619168821,1,
214.000000000,-12.421382675390308,12.908165935599403,-2.163584351799496,1,
214.100000000,-12.46328334096405,12.845961962860699,-2.1410720844301707,1,
214.200000000,-12.503773155126725,12.782830552698465,-2.1185598170608455,1,
214.300000000,-12.54283159841879,12.718803698897888,-2.0960475496915203,1,
214.400000000,-12.58043887677195,12.653913849037776,-2.073535282322195,1,
214.500000000,-12.616575931540407,12.588193888046753,-2.05102301495287,1,
214.600000000,-12.651224449159415,12.52167712153781,-2.0285107475835438,1,
214.700000000,-12.684366870426242,12.454397258929655,-2.0059984802142194,1,
214.800000000,-12.71598639939884,12.386388396363435,-1.9834862128448947,1,
214.900000000,-12.746067011907705,12.317684999423461,-1.960973945475569,1,
215.000000000,-12.771931416155121,12.254794751856252,-1.9289750531587426,1,
215.100000000,-12.795770505025848,12.191109208065278,-1.8969761608419167,1,
215.200000000,-12.817559871065576,12.126693571968712,-1.8649772685250905,1,
215.300000000,-12.837277205411796,12.061613794983707,-1.8329783762082634,1,
215.400000000,-12.85490232063454,11.995936508502583,-1.800979483891437,1,
215.500000000,-12.870417171405112,11.929728955672823,-1.7689805915746117,1,
215.600000000,-12.88312172839353,11.866465671252767,-1.7335069344423488,1,
215.700000000,-12.893574583219547,11.80279160471174,-1.698033277310087,1,
215.800000000,-12.901762583595346,11.73878687384182,-1.662559620177826,1,
215.900000000,-12.90767542698259,11.674532012492946,-1.6270859630455634,1,
216.000000000,-12.911305673555574,11.610107869241334,-1.5916123059133018,1,
216.100000000,-12.91264875556237,11.545595505661877,-1.5561386487810398,1,
216.200000000,-12.9117029830722,11.48107609433256,-1.520664991648778,1,
216.300000000,-12.908469546101777,11.41663081669918,-1.4851913345165162,1,
216.400000000,-12.90287935329859,11.35148822861983,-1.4505733430299652,1,
216.500000000,-12.895037854654559,11.286578152851362,-1.415955351543414,1,
216.600000000,-12.884954446525045,11.221978370206632,-1.3813373600568624,1,
216.700000000,-12.872641211713395,11.157766289678698,-1.3467193685703118,1,
216.800000000,-12.85772697280206,11.092325458971352,-1.3138381948858227,1,
216.900000000,-12.840669411987488,11.027410310777507,-1.2809570212013335,1,
217.000000000,-12.8209797924066,10.9613904427533,-1.2498504468178158,1,
217.100000000,-12.799246377322902,10.896014891038815,-1.2187438724342976,1,
217.200000000,-12.775490194705439,10.831346909157366,-1.1876372980507799,1,
217.300000000,-12.749734229633672,10.767449066029481,-1.1565307236672615,1,
217.400000000,-12.721639938641513,10.703556591263037,-1.1263271241341393,1,
217.500000000,-12.691628971963334,10.640541677177767,-1.0961235246010168,1,
217.600000000,-12.65972870524508,10.578461805226892,-1.0659199250678941,1,
217.700000000,-12.625968237529664,10.51737360392935,-1.0357163255347719,1,
217.800000000,-12.590378364713168,10.457332797213931,-1.0055127260016494,1,
217.900000000,-12.552991551453191,10.398394153588578,-0.9753091264685271,1,
218.000000000,-12.51384190155498,10.340611436181206,-0.9451055269354043,1,
218.100000000,-12.472965126862338,10.284037353697618,-0.9149019274022822,1,
218.200000000,-12.430398514681716,10.228723512341253,-0.8846983278691594,1,
218.300000000,-12.38618089376917,10.174720368738615,-0.8544947283360369,1,
218.400000000,-12.340352598911233,10.122077183913353,-0.8242911288029148,1,
218.500000000,-12.292955434132006,10.070841978350932,-0.7940875292697923,1,
218.600000000,-12.244032634560023,10.021061488194926,-0.7638839297366696,1,
218.700000000,-12.193628826989686,9.972781122614856,-0.7336803302035473,1,
218.800000000,-12.139725638499067,9.924183771353393,-0.7062561958827458,1,
218.900000000,-12.084510145338152,9.877082756565152,-0.6788320615619446,1,
219.000000000,-12.028023871546035,9.831513499909299,-0.6514079272411433,1,
219.100000000,-11.9703092968346,9.787510271107728,-0.6239837929203418,1,
219.200000000,-11.911409824642258,9.745106162172995,-0.5965596585995405,1,
219.300000000,-11.851369749492989,9.704333062521934,-0.5691355242787389,1,
219.400000000,-11.790234223685268,9.66522163499367,-0.5417113899579378,1,
219.500000000,-11.728049223335912,9.627801292790055,-0.5142872556371363,1,
219.600000000,-11.664861513804384,9.59210017735588,-0.4868631213163349,1,
219.700000000,-11.600718614523556,9.558145137215503,-0.4594389869955336,1,
219.800000000,-11.53816000187215,9.527194248677949,-0.4292353874624112,1,
219.900000000,-11.474695235715926,9.498146684668749,-0.3990317879292887,1,
220.000000000,-11.4103822078578,9.47102894202942,-0.36882818839616616,1,
220.100000000,-11.345279583874902,9.445865757241439,-0.3386245888630438,1,
220.200000000,-11.279446749604526,9.422680083861916,-0.30842098932992124,1,
220.300000000,-11.212943756973084,9.401493071585636,-0.27821738979679883,1,
220.400000000,-11.145831269217457,9.382324046952556,-0.24801379026367634,1,
220.500000000,-11.078170505548707,9.365190495718373,-0.21781019073055388,1,
220.600000000,-11.010023185308649,9.350108046904216,-0.1876065911974314,1,
220.700000000,-10.941451471670197,9.337090458540047,-0.15740299166430893,1,
220.800000000,-10.872517914932866,9.326149605114745,-0.12719939213118647,1,
220.900000000,-10.80328539546513,9.317295466744344,-0.09699579259806401,1,
221.000000000,-10.729140803670754,9.31008111444243,-0.07149053987255743,1,
221.100000000,-10.65483634283204,9.304759980074778,-0.045985287147050864,1,
221.200000000,-10.580420346711794,9.301335524946989,-0.02048003442154428,1,
221.300000000,-10.50594122162459,9.299809976607719,0.005025218303962299,1,
221.400000000,-10.43094216860331,9.300186866394256,0.029548945806631984,1,
221.500000000,-10.355974908978398,9.302402714839177,0.05407267330930166,1,
221.600000000,-10.281084526790575,9.306456189368744,0.07859640081197136,1,
221.700000000,-10.206316059847778,9.312344852291998,0.10312012831464104,1,
221.800000000,-10.131714472640175,9.320065162266756,0.1276438558173107,1,
221.900000000,-10.057324629299288,9.329612476429304,0.15216758331998043,1,
222.000000000,-9.983191266617464,9.340981053186544,0.17669131082265008,1,
222.100000000,-9.909358967143923,9.354164055668889,0.20121503832531976,1,
222.200000000,-9.83587213237357,9.369153555841836,0.22573876582798946,1,
222.300000000,-9.762774956044684,9.385940539273756,0.25026249333065914,1,
222.400000000,-9.690111397561553,9.404514910557022,0.2747862208333288,1,
222.500000000,-9.617925155558037,9.424865499379214,0.2993099483359985,1,
222.600000000,-9.546259641617947,9.446980067240755,0.32383367583866823,1,
222.700000000,-9.475157954168049,9.470845314814937,0.34835740334133786,1,
222.800000000,-9.404662852559406,9.496446889945915,0.3728811308440076,1,
222.900000000,-9.334816731352625,9.523769396279846,0.3974048583466772,1,
223.000000000,-9.265661594822486,9.552796402523997,0.41991712571600226,1,
223.100000000,-9.197177390070067,9.58337276102904,0.4424293930853274,1,
223.200000000,-9.129398823573963,9.615482976284207,0.465955755804395,1,
223.300000000,-9.062394380468652,9.649178741658318,0.4894821185234624,1,
223.400000000,-8.996201145315572,9.684441407751073,0.5130084812425298,1,
223.500000000,-8.930855753701593,9.721251457938703,0.5365348439615971,1,
223.600000000,-8.866394371962523,9.759588519175708,0.5590471113309223,1,
223.700000000,-8.802812305393006,9.79936691545748,0.5815593787002473,1,
223.800000000,-8.740141776162234,9.840566487857386,0.6040716460695725,1,
223.900000000,-8.678414544489796,9.883166357224052,0.6265839134388976,1,
224.000000000,-8.617661892550208,9.927144934762524,0.6490961808082225,1,
224.100000000,-8.557914608619711,9.972479932975038,0.6716084481775475,1,
224.200000000,-8.499202971473366,10.019148376955911,0.6941207155468728,1,
224.300000000,-8.441556735040349,10.067126616034777,0.7166329829161979,1,
224.400000000,-8.385005113325233,10.116390335762285,0.7391452502855229,1,
224.500000000,-8.329576765602893,10.166914570232203,0.7616575176548481,1,
224.600000000,-8.275299781894532,10.218673714733658,0.7675765880303086,1,
224.700000000,-8.221330113221091,10.270753219947121,0.7734956584057691,1,
224.800000000,-8.167669650425664,10.32315126125193,0.7779991589919606,1,
224.900000000,-8.114245705599203,10.375790430310524,0.7825026595781522,1,
225.000000000,-8.06105936225855,10.428669659522477,0.7870061601643439,1,
225.100000000,-8.00811169910164,10.481787876418588,0.7915096607505355,1,
225.200000000,-7.955403789985614,10.535144003682632,0.7960131613367267,1,
225.300000000,-7.902936703905048,10.588736959173206,0.8005166619229183,1,
225.400000000,-7.850711504970271,10.64256565594568,0.8050201625091099,1,
225.500000000,-7.79872925238578,10.696629002274243,0.8095236630953014,1,
225.600000000,-7.746991000428759,10.75092590167404,0.807977033956731,1,
225.700000000,-7.695168833219005,10.805142716276933,0.8064304048181609,1,
225.800000000,-7.643262874718314,10.859279316392978,0.804883775679591,1,
225.900000000,-7.591273249088917,10.913335572524115,0.8033371465410207,1,
226.000000000,-7.53920008069318,10.96731135536447,0.8017905174024504,1,
226.100000000,-7.48704349409331,11.021206535800669,0.80024388826388,1,
226.200000000,-7.434803614051055,11.075020984912138,0.7986972591253101,1,
226.300000000,-7.3824805655274055,11.12875457397142,0.79715062998674,1,
226.400000000,-7.330074473682298,11.182407174444483,0.7956040008481698,1,
226.500000000,-7.27758546387431,11.235978657991021,0.7940573717095996,1,
226.600000000,-7.225013661660368,11.289468896464767,0.7925107425710295,1,
226.700000000,-7.17235919279544,11.342877761913794,0.7909641134324593,1,
226.800000000,-7.11962218323224,11.396205126580828,0.7894174842938888,1,
226.900000000,-7.066802759120922,11.449450862903548,0.7878708551553188,1,
227.000000000,-7.0139010468087815,11.502614843514895,0.7878708551553187,1,
227.100000000,-6.960999334496641,11.555778824126241,0.7878708551553188,1,
227.200000000,-6.908097622184501,11.608942804737588,0.7878708551553185,1,
227.300000000,-6.855195909872361,11.662106785348934,0.7878708551553183,1,
227.400000000,-6.8022941975602205,11.71527076596028,0.7878708551553182,1,
227.500000000,-6.74939248524808,11.768434746571627,0.7878708551553182,1,
227.600000000,-6.69649077293594,11.821598727182973,0.7878708551553181,1,
227.700000000,-6.6435890606238,11.87476270779432,0.7878708551553175,1,
227.800000000,-6.5906873483116595,11.927926688405666,0.7878708551553177,1,
227.900000000,-6.537785635999519,11.981090669017012,0.7878708551553175,1,
228.000000000,-6.484883923687379,12.034254649628359,0.7878708551553175,1,
228.100000000,-6.431982211375239,12.087418630239705,0.7878708551553175,1,
228.200000000,-6.3790804990630985,12.140582610851052,0.7878708551553174,1,
228.300000000,-6.326178786750958,12.193746591462398,0.7878708551553173,1,
228.400000000,-6.273277074438818,12.246910572073745,0.7878708551553173,1,
228.500000000,-6.220375362126678,12.300074552685091,0.7878708551553173,1,
228.600000000,-6.1674736498145375,12.353238533296437,0.7878708551553173,1,
228.700000000,-6.114571937502397,12.406402513907784,0.7878708551553173,1,
228.800000000,-6.061670225190257,12.45956649451913,0.7878708551553169,1,
228.900000000,-6.008768512878117,12.512730475130477,0.7878708551553167,1,
229.000000000,-5.9558668005659765,12.565894455741823,0.7878708551553166,1,
229.100000000,-5.902965088253836,12.61905843635317,0.7878708551553167,1,
229.200000000,-5.850063375941696,12.672222416964516,0.7878708551553166,1,
229.300000000,-5.797161663629556,12.725386397575862,0.7878708551553164,1,
229.400000000,-5.7442599513174155,12.778550378187209,0.7878708551553162,1,
229.500000000,-5.691358239005275,12.831714358798555,0.7878708551553161,1,
229.600000000,-5.638456526693135,12.884878339409902,0.787870855155316,1,
229.700000000,-5.585554814380995,12.938042320021248,0.7878708551553161,1,
229.800000000,-5.5326531020688545,12.991206300632594,0.7878708551553156,1,
229.900000000,-5.479751389756714,13.04437028124394,0.7878708551553154,1,
230.000000000,-5.426849677444574,13.097534261855287,0.7878708551553154,1,
230.100000000,-5.373947965132434,13.150698242466634,0.7878708551553154,1,
230.200000000,-5.3210462528202935,13.20386222307798,0.7878708551553152,1,
230.300000000,-5.268144540508153,13.257026203689326,0.7878708551553153,1,
230.400000000,-5.215242828196013,13.310190184300673,0.7878708551553151,1,
230.500000000,-5.162341115883873,13.36335416491202,0.7878708551553151,1,
230.600000000,-5.1094394035717325,13.416518145523366,0.7878708551553149,1,
230.700000000,-5.056537691259592,13.469682126134712,0.7878708551553146,1,
230.800000000,-5.003635978947452,13.522846106746059,0.7878708551553143,1,
230.900000000,-4.950734266635312,13.576010087357405,0.7878708551553144,1,
231.000000000,-4.8978325543231715,13.629174067968751,0.7878708551553143,1,
231.100000000,-4.844930842011031,13.682338048580098,0.7878708551553141,1,
231.200000000,-4.792029129698891,13.735502029191444,0.7878708551553141,1,
231.300000000,-4.739127417386751,13.78866600980279,0.7878708551553141,1,
231.400000000,-4.686225705074611,13.841829990414137,0.7878708551553137,1,
231.500000000,-4.63332399276247,13.894993971025484,0.7878708551553136,1,
231.600000000,-4.58042228045033,13.94815795163683,0.7878708551553135,1,
231.700000000,-4.52752056813819,14.001321932248176,0.7878708551553136,1,
231.800000000,-4.47461885582605,14.054485912859523,0.7766548307192934,1,
231.900000000,-4.421124194972052,14.107053215055048,0.7654388062832733,1,
232.000000000,-4.36704331509141,14.159017225979298,0.7542227818472533,1,
232.100000000,-4.312383019444452,14.210371408669582,0.7430067574112331,1,
232.200000000,-4.257150184180784,14.261109302878314,0.7317907329752131,1,
232.300000000,-4.201351757474285,14.311224525885693,0.720574708539193,1,
232.400000000,-4.144994758649042,14.360710773302642,0.7093586841031729,1,
232.500000000,-4.088086277296332,14.409561819863882,0.6981426596671526,1,
232.600000000,-4.03063347238277,14.457771520211054,0.6869266352311324,1,
232.700000000,-3.9726435713497215,14.505333809665801,0.6757106107951125,1,
232.800000000,-3.9141238692041096,14.552242704992688,0.6644945863590924,1,
232.900000000,-3.8550817276007163,14.598492305151877,0.6532785619230724,1,
233.000000000,-3.7989307045950973,14.64146977156324,0.6239892400680126,1,
233.100000000,-3.7415451639720945,14.68278441462261,0.594699918212953,1,
233.200000000,-3.6829743312234156,14.722400794503205,0.5654105963578931,1,
233.300000000,-3.6232684485879676,14.76028492815358,0.5361212745028336,1,
233.400000000,-3.562478731953911,14.796404318448383,0.5068319526477736,1,
233.500000000,-3.5006573269255146,14.8307279820645,0.4775426307927139,1,
233.600000000,-3.437857264092498,14.86322647605863,0.44825330893765436,1,
233.700000000,-3.374132413540228,14.893871923123541,0.4189639870825947,1,
233.800000000,-3.3103726412600514,14.92226609430202,0.388760387549472,1,
233.900000000,-3.2457844736435035,14.94872183322705,0.3585567880163495,1,
234.000000000,-3.180426827246918,14.973215007289054,0.32835318848322687,1,
234.100000000,-3.1143593205359954,14.995723274106714,0.2981495889501044,1,
234.200000000,-3.047642219502551,15.016226101907433,0.2679459894169818,1,
234.300000000,-2.980336382690595,15.034704788256173,0.23774238988385923,1,
234.400000000,-2.911614644679374,15.051357797847068,0.20845306802879954,1,
234.500000000,-2.8424346959035844,15.065991139608146,0.1791637461737399,1,
234.600000000,-2.7719444516305853,15.078757325744547,0.15080067831168323,1,
234.700000000,-2.7011205192174716,15.089519325729635,0.12243761044962664,1,
234.800000000,-2.6266819786067312,15.098679220474835,0.09992534308030138,1,
234.900000000,-2.552056107424695,15.10616115540653,0.07741307571097607,1,
235.000000000,-2.4772807246284514,15.111961338823912,0.054900808341650814,1,
235.100000000,-2.402393724944702,15.116076831305513,0.03238854097232556,1,
235.200000000,-2.3274330596654407,15.118505547198849,0.009876273603000281,1,
235.300000000,-2.2524367174149695,15.119246255677389,-0.012635993766324984,1,
235.400000000,-2.1774427048979934,15.118298581364314,-0.035148261135650255,1,
235.500000000,-2.102489027638554,15.115663004522752,-0.057660528504975515,1,
235.600000000,-2.0276136707195587,15.111340860812383,-0.06357959888043621,1,
235.700000000,-1.9527652083639626,15.106575602896706,-0.0694986692558969,1,
235.800000000,-1.8779462629094867,15.101367397727921,-0.0725455439616447,1,
235.900000000,-1.8031435334675807,15.095931253134461,-0.07559241866739247,1,
236.000000000,-1.7283577144647673,15.09026721958244,-0.07863929337314023,1,
236.100000000,-1.6535895001705823,15.08437534965356,-0.08168616807888801,1,
236.200000000,-1.5788395846911292,15.078255698044638,-0.08473304278463581,1,
236.300000000,-1.5041086619626354,15.071908321567076,-0.08777991749038361,1,
236.400000000,-1.4293974257450106,15.065333279146355,-0.0908267921961314,1,
236.500000000,-1.354706569615406,15.058530631821474,-0.0938736669018792,1,
236.600000000,-1.280036786961775,15.051500442744391,-0.09232703776330921,1,
236.700000000,-1.2053562205245483,15.04458574849121,-0.09078040862473921,1,
236.800000000,-1.1306650489442123,15.037786565602303,-0.08773353391899165,1,
236.900000000,-1.0559535078330065,15.031214988562613,-0.08468665921324409,1,
237.000000000,-0.9812222907709123,15.024871078378968,-0.08163978450749651,1,
237.100000000,-0.9064720915205717,15.018754893944667,-0.07859290980174896,1,
237.200000000,-0.8317036040208468,15.012866492038931,-0.07554603509600138,1,
237.300000000,-0.7569175223803772,15.007205927326376,-0.07249916039025386,1,
237.400000000,-0.682114540871137,15.001773252356505,-0.0694522856845063,1,
237.500000000,-0.6072953539219889,14.99656851756322,-0.0664054109787587,1,
237.600000000,-0.5324606561122379,14.991591771264357,-0.06335853627301113,1,
237.700000000,-0.45761114216518317,14.986843059661231,-0.06031166156726358,1,
237.800000000,-0.3827475069416685,14.982322426838214,-0.0558081609810721,1,
237.900000000,-0.30786427228718477,14.978138987143234,-0.05130466039488061,1,
238.000000000,-0.23296295694480146,14.974292825422655,-0.04680115980868912,1,
238.100000000,-0.15804508002429118,14.970784019682338,-0.04229765922249765,1,
238.200000000,-0.08311216097131997,14.96761264108607,-0.03500169350343155,1,
238.300000000,-0.008158098226704755,14.964988050055778,-0.027705727784365457,1,
238.400000000,0.06681311833886161,14.962910386300752,-0.02040976206529937,1,
238.500000000,0.14179749794157331,14.961379760416861,-0.013113796346233286,1,
238.600000000,0.2167910490969444,14.960396253880667,-0.005817830627167188,1,
238.700000000,0.2917897798322793,14.959959919045088,0.0014781350918989021,1,
238.800000000,0.3667896978991686,14.960070779136611,0.008774100810964993,1,
238.900000000,0.44178681098600037,14.960728828254057,0.016070066530031082,1,
239.000000000,0.5167771269304742,14.96193403136889,0.011566565943839383,1,
239.100000000,0.5917721100321169,14.96280150447183,0.007063065357647676,1,
239.200000000,0.6667702392814349,14.963331229969235,0.007063065357647558,1,
239.300000000,0.7417683685307528,14.96386095546664,0.00706306535764744,1,
239.400000000,0.8167664977800707,14.964390680964044,0.007063065357647322,1,
239.500000000,0.8917646270293886,14.964920406461449,0.007063065357647204,1,
239.600000000,0.9667627562787066,14.965450131958853,0.007063065357647086,1,
239.700000000,1.0417608855280245,14.965979857456258,0.007063065357646968,1,
239.800000000,1.1162537746545276,14.966506014350312,0.032568318083153545,1,
239.900000000,1.1907090173053232,14.968931754093525,0.05807357080866014,1,
240.000000000,1.2650781816366499,14.973255498784273,0.08357882353416671,1,
240.100000000,1.3393128917972,14.97947443590164,0.10908407625967327,1,
240.200000000,1.4133648593957715,14.987584520134911,0.13458932898517986,1,
240.300000000,1.487185914912029,14.99758047601498,0.16009458171068644,1,
240.400000000,1.560728039029941,15.009455801345947,0.18559983443619296,1,
240.500000000,1.6339433938735115,15.023202771434686,0.2111050871616996,1,
240.600000000,1.6970372487818457,15.036723658857152,0.24657874429396143,1,
240.700000000,1.759611875082386,15.05247374035639,0.28205240142622306,1,
240.800000000,1.820774151034491,15.070197207092786,0.31837394924027895,1,
240.900000000,1.8812524848974586,15.09013000433645,0.35469549705433495,1,
241.000000000,1.940967099108047,15.112245838539078,0.39101704486839073,1,
241.100000000,1.9998392235330968,15.136515536486911,0.42733859268244645,1,
241.200000000,2.0577911993759863,15.162907083783399,0.4636601404965025,1,
241.300000000,2.1147465816171107,15.191385667079711,0.49998168831055817,1,
241.400000000,2.1706302398532586,15.221913719997364,0.5363032361246142,1,
241.500000000,2.2253684574028627,15.254450972682399,0.5726247839386699,1,
241.600000000,2.2884045818369785,15.295088972341913,0.595137051307995,1,
241.700000000,2.350509957282301,15.337135640947114,0.6176493186773201,1,
241.800000000,2.411653109928318,15.380569670054554,0.6380794010879649,1,
241.900000000,2.4718962037345062,15.425243707801984,0.6585094834986099,1,
242.000000000,2.5312140948149073,15.471139108418752,0.6789395659092552,1,
242.100000000,2.589582025438893,15.518236716369406,0.6993696483199004,1,
242.200000000,2.646975634364393,15.566516874348713,0.7197997307305454,1,
242.300000000,2.7033709670056374,15.615959431486095,0.7402298131411903,1,
242.400000000,2.758744485431173,15.666543751756084,0.7606598955518352,1,
242.500000000,2.8130730781879776,15.71824872259125,0.7810899779624805,1,
242.600000000,2.8663340699475723,15.771052763694033,0.8015200603731254,1,
242.700000000,2.918505230970111,15.824933836043796,0.8219501427837702,1,
242.800000000,2.9695647863824886,15.87986945109533,0.8249970174895184,1,
242.900000000,3.0204567231137847,15.934960382978334,0.8280438921952656,1,
243.000000000,3.0711805687118456,15.99020612025954,0.8310907669010135,1,
243.100000000,3.121735852284981,16.045606150068554,0.8341376416067611,1,
243.200000000,3.1721221045063355,16.101159958102624,0.8371845163125082,1,
243.300000000,3.2223388576182455,16.156867028631396,0.8402313910182562,1,
243.400000000,3.2723856454365827,16.21272684450172,0.8432782657240037,1,
243.500000000,3.322262003355081,16.26873888714244,0.8463251404297512,1,
243.600000000,3.371967468349649,16.324902636569217,0.8418216398435595,1,
243.700000000,3.421925361917427,16.380841968619848,0.8373181392573681,1,
243.800000000,3.4721346708382335,16.436555748761702,0.8313990688819073,1,
243.900000000,3.522672872070065,16.491971362231652,0.8254799985064463,1,
244.000000000,3.5735381949922935,16.547086867527508,0.8195609281309857,1,
244.100000000,3.6247288575234866,16.601900333661455,0.8136418577555249,1,
244.200000000,3.6762430661838446,16.656409840227713,0.8077227873800646,1,
244.300000000,3.7280790161580337,16.710613477469813,0.8018037170046036,1,
244.400000000,3.78023489135842,16.76450934634751,0.7958846466291429,1,
244.500000000,3.832708864488696,16.818095558603304,0.7899655762536822,1,
244.600000000,3.8854990971078998,16.871370236828614,0.7840465058782217,1,
244.700000000,3.9386037396948264,16.92433151452954,0.7781274355027608,1,
244.800000000,3.9920209317128257,16.976977536192265,0.7722083651273003,1,
244.900000000,4.045748801674987,17.029306457348056,0.7662892947518396,1,
245.000000000,4.099785467209708,17.081316444637892,0.7662892947518394,1,
245.100000000,4.153822132744429,17.133326431927728,0.7662892947518392,1,
245.200000000,4.207858798279149,17.185336419217563,0.7662892947518392,1,
245.300000000,4.26189546381387,17.2373464065074,0.766289294751839,1,
245.400000000,4.315932129348591,17.289356393797235,0.766289294751839,1,
245.500000000,4.369968794883311,17.34136638108707,0.7662892947518388,1,
245.600000000,4.424005460418032,17.393376368376906,0.7662892947518388,1,
245.700000000,4.4780421259527525,17.44538635566674,0.7662892947518388,1,
245.800000000,4.532078791487473,17.497396342956577,0.7678359238904086,1,
245.900000000,4.586034952262919,17.549489842689024,0.7693825530289786,1,
246.000000000,4.6399104792126495,17.60166673025324,0.7709291821675486,1,
246.100000000,4.693705243463107,17.653926880838917,0.7724758113061182,1,
246.200000000,4.747419116333922,17.70627016943658,0.7740224404446885,1,
246.300000000,4.801051969338222,17.758696470837872,0.7755690695832583,1,
246.400000000,4.854603674182941,17.811205659635874,0.7771156987218283,1,
246.500000000,4.90807410276912,17.86379761022539,0.7786623278603982,1,
246.600000000,4.961463127192223,17.91647219680326,0.7802089569989684,1,
246.700000000,5.014770619742435,17.96922929336864,0.7817555861375384,1,
246.800000000,5.0679964529049695,18.022068773723333,0.7833022152761082,1,
246.900000000,5.121140499360377,18.074990511472066,0.7848488444146778,1,
247.000000000,5.174202631984843,18.127994380022802,0.7863954735532479,1,
247.100000000,5.2271827238505,18.18108025258704,0.7879421026918177,1,
247.200000000,5.2800806482257245,18.234248002180127,0.789488731830388,1,
247.300000000,5.332896278575443,18.287497501621548,0.7910353609689579,1,
247.400000000,5.385629488561434,18.34082862353524,0.792581990107528,1,
247.500000000,5.438280152042632,18.3942412403499,0.7941286192460977,1,
247.600000000,5.490848143075426,18.447735224299276,0.7956752483846679,1,
247.700000000,5.543333335913965,18.501310447422483,0.7972218775232375,1,
247.800000000,5.595735605010454,18.554966781564307,0.7972218775232375,1,
247.900000000,5.648137874106943,18.60862311570613,0.7972218775232373,1,
248.000000000,5.7005401432034315,18.662279449847954,0.7972218775232375,1,
248.100000000,5.75294241229992,18.715935783989778,0.7972218775232373,1,
248.200000000,5.805344681396409,18.7695921181316,0.7972218775232371,1,
248.300000000,5.857746950492898,18.823248452273425,0.797221877523237,1,
248.400000000,5.910149219589387,18.87690478641525,0.7972218775232369,1,
248.500000000,5.962551488685876,18.930561120557073,0.7972218775232368,1,
248.600000000,6.014953757782365,18.984217454698896,0.7956752483846667,1,
248.700000000,6.067438950620904,19.037792677822104,0.7941286192460963,1,
248.800000000,6.120006941653699,19.09128666177148,0.7925819901075261,1,
248.900000000,6.172657605134897,19.14469927858614,0.7910353609689561,1,
249.000000000,6.225390815120888,19.19803040049983,0.7894887318303859,1,
249.100000000,6.278206445470606,19.251279899941252,0.7879421026918159,1,
249.200000000,6.33110436984583,19.30444764953434,0.7863954735532456,1,
249.300000000,6.384084461711487,19.357533522098578,0.7848488444146756,1,
249.400000000,6.437146594335954,19.410537390649313,0.7833022152761052,1,
249.500000000,6.490290640791361,19.463459128398046,0.7817555861375349,1,
249.600000000,6.543516473953896,19.516298608752738,0.7817555861375349,1,
249.700000000,6.596742307116431,19.56913808910743,0.7817555861375349,1,
249.800000000,6.649968140278966,19.62197756946212,0.7817555861375348,1,
249.900000000,6.7031939734415005,19.674817049816813,0.7817555861375349,1,
250.000000000,6.756419806604035,19.727656530171505,0.7817555861375348,1,
250.100000000,6.80964563976657,19.780496010526196,0.7817555861375344,1,
250.200000000,6.862871472929105,19.833335490880888,0.7817555861375343,1,
250.300000000,6.91609730609164,19.88617497123558,0.7817555861375342,1,
250.400000000,6.969323139254175,19.93901445159027,0.781755586137534,1,
250.500000000,7.022548972416709,19.991853931944963,0.7817555861375342,1,
250.600000000,7.075774805579244,20.044693412299655,0.7817555861375338,1,
250.700000000,7.129000638741779,20.097532892654346,0.7817555861375336,1,
250.800000000,7.182226471904314,20.150372373009038,0.7817555861375334,1,
250.900000000,7.235452305066849,20.20321185336373,0.7817555861375333,1,
251.000000000,7.276556289732158,20.244017474641463,0.7396748081905588,1,
251.100000000,7.319340512018769,20.28305779490856,0.6975940302435837,1,
251.200000000,7.3381352501632096,20.29881124006356,0.6221177578592978,1,
251.300000000,7.35806436276629,20.31310262512672,0.5466414854750113,1,
251.400000000,7.359385609774929,20.31390659563161,0.44818811478760456,1,
251.500000000,7.360779484281548,20.31457680163753,0.34973474410019795,1,
251.600000000,7.362232486278274,20.31510675203906,0.2512813734127912,1,
251.700000000,7.363730543093354,20.31549131413985,0.1528280027253846,1,
251.800000000,7.365259145688346,20.31572676336401,0.05437463203797787,1,
251.900000000,7.366803489181627,20.315810819329506,-0.044078738649428816,1,
252.000000000,7.368348616237209,20.31574266793421,-0.14253210933683552,1,
252.100000000,7.369879561930118,20.315522969240682,-0.24098548002424222,1,
252.200000000,7.371381498685266,20.315153851083302,-0.3394388507116489,1,
252.300000000,7.372839879886064,20.314638888459676,-0.43789222139905554,1,
252.400000000,7.374240580761883,20.313983068905948,-0.5363455920864624,1,
252.500000000,7.37557003518983,20.313192744191298,-0.6347989627738689,1,
252.600000000,7.3768153670858965,20.312275568799556,-0.7332523334612756,1,
252.700000000,7.377964515112908,20.31124042579369,-0.8317057041486824,1,
252.800000000,7.379006349497461,20.31009734078122,-0.9301590748360888,1,
252.900000000,7.379930779824435,20.3088573848138,-1.0286124455234957,1,
253.000000000,7.380728852765083,20.30753256716145,-1.1270658162109024,1,
253.100000000,7.381392838792154,20.306135718999897,-1.2255191868983089,1,
253.200000000,7.381916307042215,20.30468036913758,-1.3239725575857157,1,
253.300000000,7.382294187600103,20.303180612985884,-1.4224259282731224,1,
253.400000000,7.382522820602263,20.30165097604174,-1.520879298960529,1,
253.500000000,7.382599991683403,20.300106273204683,-1.6193326696479358,1,
253.600000000,7.382524953423149,20.298561465291034,-1.7177860403353424,1,
253.700000000,7.382298432584995,20.2970315141348,-1.816239411022749,1,
253.800000000,7.371878227433694,20.255432810162244,-1.8733554647538742,1,
253.900000000,7.359100352087464,20.214496777755233,-1.9304715184849996,1,
254.000000000,7.340671915961784,20.16548915954645,-1.978113578298852,1,
254.100000000,7.319930449270493,20.11741478529124,-2.025755638112704,1,
254.200000000,7.296923021382593,20.070382751925465,-2.073397697926557,1,
254.300000000,7.271701843895711,20.02449979096269,-2.1210397577404088,1,
254.400000000,7.244324152150408,19.979870026284445,-2.168681817554261,1,
254.500000000,7.214852075343928,19.936594737848097,-2.2163238773681133,1,
254.600000000,7.183352495538141,19.89477213184853,-2.2639659371819656,1,
254.700000000,7.14989689588163,19.854497117855242,-2.311607996995818,1,
254.800000000,7.099280364703695,19.79915304164547,-2.325280870581838,1,
254.900000000,7.047911875787938,19.744506190441474,-2.338953744167858,1,
255.000000000,6.9958010321939,19.690566780174787,-2.350169768603878,1,
255.100000000,6.943088493257585,19.63721522688074,-2.361385793039898,1,
255.200000000,6.889780890104925,19.584458242071918,-2.372601817475918,1,
255.300000000,6.835884928719668,19.532302462465445,-2.383817841911938,1,
255.400000000,6.781407389099789,19.480754449148108,-2.395033866347958,1,
255.500000000,6.72635512440457,19.429820686750976,-2.406249890783978,1,
255.600000000,6.670735060092495,19.37950758263365,-2.417465915219998,1,
255.700000000,6.614554193050039,19.32982146607824,-2.428681939656018,1,
255.800000000,6.557819590711474,19.280768587493135,-2.4241784390698267,1,
255.900000000,6.501306472624585,19.23146070288938,-2.4196749384836354,1,
256.000000000,6.44501598495923,19.181898812304006,-2.415171437897444,1,
256.100000000,6.388949269369992,19.13208392092567,-2.4106679373112527,1,
256.200000000,6.333107462973024,19.082017039074255,-2.4061644367250614,1,
256.300000000,6.277491698322988,19.031699182180386,-2.40166093613887,1,
256.400000000,6.222103103390082,18.98113137076484,-2.397157435552679,1,
256.500000000,6.166942801537167,18.93031463041783,-2.3926539349664875,1,
256.600000000,6.112011911496981,18.879249991778227,-2.388150434380296,1,
256.700000000,6.0573115473494505,18.827938490512647,-2.383646933794105,1,
256.800000000,6.002842818499095,18.776381167294442,-2.3791434332079135,1,
256.900000000,5.948606829652527,18.7245790677826,-2.3746399326217222,1,
257.000000000,5.894604680796045,18.672533242600533,-2.3715930579159745,1,
257.100000000,5.840761359465301,18.620323121473742,-2.368546183210227,1,
257.200000000,5.787077365511446,18.567949189091664,-2.365499308504479,1,
257.300000000,5.7335531973065255,18.515411931664467,-2.3624524337987314,1,
257.400000000,5.680189351738852,18.46271183691854,-2.3594055590929837,1,
257.500000000,5.626986324208392,18.409849394091964,-2.356358684387236,1,
257.600000000,5.5739446086221704,18.35682509392996,-2.3533118096814882,1,
257.700000000,5.521064697389679,18.30363942868035,-2.3502649349757405,1,
257.800000000,5.468347081418312,18.250292892088968,-2.3502649349757405,1,
257.900000000,5.415629465446944,18.196946355497587,-2.3502649349757405,1,
258.000000000,5.3629118494755765,18.143599818906207,-2.3502649349757405,1,
258.100000000,5.310194233504209,18.090253282314826,-2.3502649349757405,1,
258.200000000,5.257476617532841,18.036906745723446,-2.3502649349757405,1,
258.300000000,5.204759001561474,17.983560209132065,-2.3502649349757405,1,
258.400000000,5.152041385590106,17.930213672540685,-2.3502649349757405,1,
258.500000000,5.099323769618739,17.876867135949304,-2.3502649349757405,1,
258.600000000,5.046606153647371,17.823520599357924,-2.3502649349757405,1,
258.700000000,4.993888537676003,17.770174062766543,-2.3502649349757405,1,
258.800000000,4.941170921704636,17.716827526175162,-2.3502649349757405,1,
258.900000000,4.888453305733268,17.663480989583782,-2.3502649349757405,1,
259.000000000,4.835735689761901,17.6101344529924,-2.3502649349757405,1,
259.100000000,4.783018073790533,17.55678791640102,-2.3502649349757405,1,
259.200000000,4.730300457819165,17.50344137980964,-2.3502649349757405,1,
259.300000000,4.677582841847798,17.45009484321826,-2.3502649349757405,1,
259.400000000,4.62486522587643,17.39674830662688,-2.3502649349757405,1,
259.500000000,4.572147609905063,17.3434017700355,-2.3502649349757405,1,
259.600000000,4.519429993933695,17.290055233444118,-2.3502649349757405,1,
259.700000000,4.4667123779623275,17.236708696852737,-2.3502649349757405,1,
259.800000000,4.41399476199096,17.183362160261357,-2.3502649349757405,1,
259.900000000,4.361277146019592,17.130015623669976,-2.3502649349757405,1,
260.000000000,4.308559530048225,17.076669087078596,-2.3502649349757405,1,
260.100000000,4.255841914076857,17.023322550487215,-2.3502649349757405,1,
260.200000000,4.2031242981054895,16.969976013895835,-2.3502649349757405,1,
260.300000000,4.150406682134122,16.916629477304454,-2.3502649349757405,1,
260.400000000,4.097689066162754,16.863282940713074,-2.3502649349757405,1,
260.500000000,4.044971450191387,16.809936404121693,-2.3502649349757405,1,
260.600000000,3.9922538342200187,16.756589867530312,-2.3502649349757405,1,
260.700000000,3.9395362182486506,16.703243330938932,-2.3502649349757405,1,
260.800000000,3.8868186022772826,16.64989679434755,-2.3502649349757405,1,
260.900000000,3.8341009863059146,16.59655025775617,-2.3502649349757405,1,
261.000000000,3.7813833703345465,16.54320372116479,-2.3502649349757405,1,
261.100000000,3.7286657543631785,16.48985718457341,-2.3502649349757405,1,
261.200000000,3.6759481383918104,16.43651064798203,-2.3502649349757405,1,
261.300000000,3.6232305224204424,16.38316411139065,-2.3502649349757405,1,
261.400000000,3.5705129064490744,16.329817574799268,-2.3502649349757405,1,
261.500000000,3.5177952904777063,16.276471038207887,-2.3502649349757405,1,
261.600000000,3.4650776745063383,16.223124501616507,-2.3502649349757405,1,
261.700000000,3.4123600585349703,16.169777965025126,-2.3502649349757405,1,
261.800000000,3.3596424425636022,16.116431428433746,-2.3502649349757405,1,
261.900000000,3.306924826592234,16.063084891842365,-2.3502649349757405,1,
262.000000000,3.254207210620866,16.009738355250985,-2.3502649349757405,1,
262.100000000,3.201489594649498,15.956391818659606,-2.3502649349757405,1,
262.200000000,3.14877197867813,15.903045282068227,-2.3502649349757405,1,
262.300000000,3.096054362706762,15.849698745476848,-2.3502649349757405,1,
262.400000000,3.043336746735394,15.79635220888547,-2.3502649349757405,1,
262.500000000,2.990619130764026,15.74300567229409,-2.3502649349757405,1,
262.600000000,2.937901514792658,15.689659135702712,-2.3502649349757405,1,
262.700000000,2.88518389882129,15.636312599111333,-2.3502649349757405,1,
262.800000000,2.832466282849922,15.582966062519954,-2.3502649349757405,1,
262.900000000,2.779748666878554,15.529619525928576,-2.3502649349757405,1,
263.000000000,2.727031050907186,15.476272989337197,-2.3502649349757405,1,
263.100000000,2.6743134349358177,15.422926452745818,-2.3502649349757405,1,
263.200000000,2.6215958189644497,15.36957991615444,-2.3502649349757405,1,
263.300000000,2.5688782029930817,15.31623337956306,-2.3502649349757405,1,
263.400000000,2.5161605870217136,15.262886842971682,-2.3502649349757405,1,
263.500000000,2.4634429710503456,15.209540306380303,-2.3502649349757405,1,
263.600000000,2.4107253550789776,15.156193769788924,-2.3575609006948066,1,
263.700000000,2.357619931160988,15.103233275545662,-2.3648568664138727,1,
263.800000000,2.304129526144806,15.050661642784211,-2.372152832132939,1,
263.900000000,2.250256987371743,14.99848166993883,-2.379448797852005,1,
264.000000000,2.1960051825244262,14.94669613459537,-2.386744763571071,1,
264.100000000,2.1413769994741507,14.895307793343433,-2.3940407292901367,1,
264.200000000,2.0863753461271535,14.844319381629624,-2.3999597996655977,1,
264.300000000,2.0310728540446776,14.793657419868676,-2.4058788700410583,1,
264.400000000,1.9754714607656716,14.743323683017204,-2.4116460478660358,1,
264.500000000,1.9195807101428615,14.693311444566811,-2.4174132256910132,1,
264.600000000,1.863402461116467,14.643622367936949,-2.4228658301800827,1,
264.700000000,1.8069541136630662,14.594240346210615,-2.428318434669152,1,
264.800000000,1.7502373460384324,14.54516684755591,-2.4334564658223137,1,
264.900000000,1.6932691869999625,14.49638540789114,-2.438594496975475,1,
265.000000000,1.6373226526126876,14.448974828187541,-2.443208239235457,1,
265.100000000,1.5811579742614896,14.401822875062733,-2.447821981495439,1,
265.200000000,1.5273391487166994,14.357062021440628,-2.452226008198149,1,
265.300000000,1.4733237177339105,14.312538620674923,-2.4566300349008587,1,
265.400000000,1.4242756802764016,14.272471163397503,-2.460614630489025,1,
265.500000000,1.3750683799952426,14.232599460271715,-2.4645992260771914,1,
265.600000000,1.3257025981538046,14.192924144339832,-2.467585950256014,1,
265.700000000,1.2762185374472406,14.153396447125091,-2.4705726744348366,1,
265.800000000,1.2357538310630198,14.1212708812673,-2.4762767275320834,1,
265.900000000,1.1951065380215988,14.089376649612513,-2.48198078062933,1,
266.000000000,1.155595031060759,14.058736140189797,-2.4867071721828613,1,
266.100000000,1.1159391469127196,14.028282719159685,-2.4914335637363925,1,
266.200000000,1.074813125590691,13.997008211734876,-2.4954998185843325,1,
266.300000000,1.0335602744988373,13.965901191285502,-2.4995660734322724,1,
266.400000000,0.9948508885524255,13.936958237898487,-2.5033699892577643,1,
266.500000000,0.9560316863708269,13.908162740800933,-2.507173905083256,1,
266.600000000,0.8956254604379197,13.863709530921977,-2.530700267802324,1,
266.700000000,0.8341902249802053,13.820689630361246,-2.5542266305213914,1,
266.800000000,0.7717599822019895,13.77912684909419,-2.577752993240459,1,
266.900000000,0.7083692850085224,13.739044190632878,-2.6012793559595266,1,
267.000000000,0.6440532178822023,13.70046383929437,-2.6248057186785942,1,
267.100000000,0.57884737746457,13.663407147922497,-2.648332081397662,1,
267.200000000,0.5127878528548419,13.627894626069821,-2.6718584441167295,1,
267.300000000,0.4459112056358843,13.59394592864634,-2.695384806835797,1,
267.400000000,0.3782544496386867,13.561579845041189,-2.7189111695548647,1,
267.500000000,0.30985503045653,13.530814288723391,-2.7424375322739323,1,
267.600000000,0.24075080472019128,13.501666287327392,-2.7649497996432575,1,
267.700000000,0.17100795715461364,13.474081233159517,-2.7874620670125827,1,
267.800000000,0.10066183209437646,13.44807310579499,-2.809974334381908,1,
267.900000000,0.02974807960349743,13.423655085652841,-2.832486601751233,1,
268.000000000,-0.041697362591334594,13.400839547316329,-2.8549988691205583,1,
268.100000000,-0.11363828731330872,13.37963805326173,-2.8775111364898835,1,
268.200000000,-0.1860382362845932,13.360061347998704,-2.9000234038592088,1,
268.300000000,-0.25886051860269,13.342119352625184,-2.922535671228534,1,
268.400000000,-0.33206822933467867,13.325821159799553,-2.945047938597859,1,
268.500000000,-0.4056242682199273,13.311175029132656,-2.9675602059671844,1,
268.600000000,-0.47949135847179125,13.298188383001996,-2.9900724733365096,1,
268.700000000,-0.5536320656687722,13.286867802790207,-3.012584740705835,1,
268.800000000,-0.6280088167255633,13.27721902554974,-3.03509700807516,1,
268.900000000,-0.7025839189343668,13.269246941095439,-3.0576092754444852,1,
269.000000000,-0.7773195790668337,13.262955589526467,-3.0463932510084653,1,
269.100000000,-0.8519799759318365,13.255826414261383,-3.0351772265724453,1,
269.200000000,-0.9265557174093288,13.24786031213536,-3.0239612021364253,1,
269.300000000,-1.001037422028733,13.2390582852672,-3.0127451777004053,1,
269.400000000,-1.0754157201491092,13.229421440933269,-3.0015291532643853,1,
269.500000000,-1.1496812551378368,13.218950991428207,-2.9903131288283653,1,
269.600000000,-1.2238246845476584,13.207648253912419,-2.9790971043923453,1,
269.700000000,-1.2978366812919402,13.195514650246384,-2.9678810799563253,1,
269.800000000,-1.3630856671759857,13.184064744189472,-2.9341270647977367,1,
269.900000000,-1.4279110794915257,13.170419363076117,-2.900373049639148,1,
270.000000000,-1.4914001055609634,13.154800444867517,-2.865755058152597,1,
270.100000000,-1.5543105050470745,13.136993461019863,-2.831137066666046,1,
270.200000000,-1.6165668933204118,13.117019749386515,-2.796519075179495,1,
270.300000000,-1.6780946694437846,13.09490324417966,-2.761901083692944,1,
270.400000000,-1.7388201055654915,13.070670447290295,-2.727283092206393,1,
270.500000000,-1.798670435266348,13.044350396531389,-2.692665100719842,1,
270.600000000,-1.863209083149642,13.013259996477151,-2.6643020328577856,1,
270.700000000,-1.9268400723766208,12.980351832503262,-2.635938964995729,1,
270.800000000,-1.9895122175629756,12.945652376255694,-2.6075758971336724,1,
270.900000000,-2.0511751046278346,12.909189540313289,-2.579212829271616,1,
271.000000000,-2.1117791313473386,12.870992655734597,-2.5508497614095593,1,
271.100000000,-2.1712755472551506,12.831092448463695,-2.5224866935475028,1,
271.200000000,-2.229616492857803,12.789521014613937,-2.494123625685446,1,
271.300000000,-2.286755038133338,12.746311794649536,-2.4657605578233897,1,
271.400000000,-2.342645220282272,12.70149954648572,-2.437397489961333,1,
271.500000000,-2.3972420807005164,12.65512031752914,-2.4090344220992765,1,
271.600000000,-2.4530020276173974,12.604962284076594,-2.4007543450226283,1,
271.700000000,-2.5083447554658385,12.554344278640846,-2.39247426794598,1,
271.800000000,-2.5608255048981308,12.505539749648793,-2.386833978963354,1,
271.900000000,-2.613030149363625,12.456439991937147,-2.3811936899807282,1,
272.000000000,-2.6613342225953125,12.4104926203728,-2.375946909531774,1,
272.100000000,-2.70939655628951,12.3642924415386,-2.3707001290828194,1,
272.200000000,-2.7536293820254976,12.321324605833418,-2.3658468571675364,1,
272.300000000,-2.7976531530553848,12.278142603076645,-2.3609935852522534,1,
272.400000000,-2.837914371944185,12.238265976279745,-2.356533821870642,1,
272.500000000,-2.877997350715659,12.198210191130572,-2.3520740584890305,1,
272.600000000,-2.914380356133015,12.161526116094597,-2.3512624136315687,1,
272.700000000,-2.950733575128819,12.124812523065753,-2.350450768774107,1,
272.800000000,-2.983541815178053,12.091625218826788,-2.350450768774107,1,
272.900000000,-3.016350055227287,12.058437914587824,-2.350450768774107,1,
273.000000000,-3.0468148495587184,12.027621132080213,-2.350450768774107,1,
273.100000000,-3.07727964389015,11.996804349572603,-2.350450768774107,1,
273.200000000,-3.105400992503779,11.968358088796347,-2.350450768774107,1,
273.300000000,-3.1335223411174082,11.93991182802009,-2.350450768774107,1,
273.400000000,-3.1604719668721364,11.912650828109513,-2.350450768774107,1,
273.500000000,-3.1874215926268645,11.885389828198935,-2.350450768774107,1,
273.600000000,-3.2120277726637902,11.860499350019712,-2.350450768774107,1,
273.700000000,-3.236633952700716,11.835608871840488,-2.350450768774107,1,
273.800000000,-3.2600684098787402,11.811903654526942,-2.350450768774107,1,
273.900000000,-3.2835028670567645,11.788198437213396,-2.350450768774107,1,
274.000000000,-3.3045938785169864,11.766863741631203,-2.350450768774107,1,
274.100000000,-3.3256848899772082,11.745529046049011,-2.350450768774107,1,
274.200000000,-3.345604178578529,11.725379611332498,-2.350450768774107,1,
274.300000000,-3.36552346717985,11.705230176615984,-2.350450768774107,1,
274.400000000,-3.3842710329222694,11.686266002765148,-2.350450768774107,1,
274.500000000,-3.403018598664689,11.667301828914312,-2.350450768774107,1,
274.600000000,-3.4205944415482072,11.649522915929152,-2.350450768774107,1,
274.700000000,-3.4381702844317257,11.631744002943993,-2.350450768774107,1,
274.800000000,-3.4545744044563427,11.61515035082451,-2.350450768774107,1,
274.900000000,-3.4709785244809597,11.598556698705028,-2.350450768774107,1,
275.000000000,-3.4862109216466757,11.583148307451223,-2.350450768774107,1,
275.100000000,-3.5014433188123917,11.567739916197418,-2.350450768774107,1,
275.200000000,-3.5155039931192062,11.55351678580929,-2.350450768774107,1,
275.300000000,-3.529564667426021,11.539293655421162,-2.350450768774107,1,
275.400000000,-3.5436253417328354,11.525070525033033,-2.350450768774107,1,
275.500000000,-3.55768601603965,11.510847394644905,-2.350450768774107,1,
275.600000000,-3.5717466903464645,11.496624264256777,-2.350450768774107,1,
275.700000000,-3.585807364653279,11.482401133868649,-2.350450768774107,1,
275.800000000,-3.5998680389600937,11.46817800348052,-2.350450768774107,1,
275.900000000,-3.6139287132669082,11.453954873092393,-2.350450768774107,1,
276.000000000,-3.6291611104326242,11.438546481838587,-2.350450768774107,1,
276.100000000,-3.6443935075983402,11.423138090584782,-2.350450768774107,1,
276.200000000,-3.658454181905155,11.408914960196654,-2.350450768774107,1,
276.300000000,-3.6725148562119694,11.394691829808526,-2.350450768774107,1,
276.400000000,-3.686575530518784,11.380468699420398,-2.350450768774107,1,
276.500000000,-3.7006362048255985,11.36624556903227,-2.350450768774107,1,
276.600000000,-3.713525156273512,11.353207699509818,-2.350450768774107,1,
276.700000000,-3.7264141077214257,11.340169829987367,-2.350450768774107,1,
276.800000000,-3.7404747820282402,11.325946699599239,-2.350450768774107,1,
276.900000000,-3.754535456335055,11.31172356921111,-2.350450768774107,1,
277.000000000,-3.7674244077829684,11.29868569968866,-2.350450768774107,1,
277.100000000,-3.780313359230882,11.285647830166209,-2.350450768774107,1,
277.200000000,-3.7943740335376965,11.27142469977808,-2.350450768774107,1,
277.300000000,-3.808434707844511,11.257201569389952,-2.350450768774107,1,
277.400000000,-3.8224953821513257,11.242978439001824,-2.350450768774107,1,
277.500000000,-3.8365560564581402,11.228755308613696,-2.350450768774107,1,
277.600000000,-3.850616730764955,11.214532178225568,-2.350450768774107,1,
277.700000000,-3.8646774050717694,11.20030904783744,-2.350450768774107,1,
277.800000000,-3.878738079378584,11.186085917449311,-2.350450768774107,1,
277.900000000,-3.8927987536853985,11.171862787061183,-2.350450768774107,1,
278.000000000,-3.905687705133312,11.158824917538732,-2.350450768774107,1,
278.100000000,-3.9185766565812257,11.145787048016281,-2.350450768774107,1,
278.200000000,-3.9326373308880402,11.131563917628153,-2.350450768774107,1,
278.300000000,-3.946698005194855,11.117340787240025,-2.350450768774107,1,
278.400000000,-3.961930402360571,11.10193239598622,-2.350450768774107,1,
278.500000000,-3.977162799526287,11.086524004732414,-2.350450768774107,1,
278.600000000,-3.9912234738331014,11.072300874344286,-2.350450768774107,1,
278.700000000,-4.005284148139916,11.058077743956158,-2.350450768774107,1,
278.800000000,-4.0193448224467305,11.04385461356803,-2.350450768774107,1,
278.900000000,-4.033405496753545,11.029631483179902,-2.350450768774107,1,
279.000000000,-4.046294448201459,11.01659361365745,-2.350450768774107,1,
279.100000000,-4.059183399649372,11.003555744135,-2.350450768774107,1,
279.200000000,-4.073244073956187,10.989332613746871,-2.350450768774107,1,
279.300000000,-4.087304748263001,10.975109483358743,-2.350450768774107,1,
279.400000000,-4.100193699710915,10.962071613836292,-2.350450768774107,1,
279.500000000,-4.1130826511588285,10.94903374431384,-2.350450768774107,1,
279.600000000,-4.127143325465643,10.934810613925713,-2.350450768774107,1,
279.700000000,-4.141203999772458,10.920587483537584,-2.350450768774107,1,
279.800000000,-4.155264674079272,10.906364353149456,-2.350450768774107,1,
279.900000000,-4.169325348386087,10.892141222761328,-2.350450768774107,1,
280.000000000,-4.183386022692901,10.8779180923732,-2.350450768774107,1,
280.100000000,-4.197446696999716,10.863694961985072,-2.350450768774107,1,
280.200000000,-4.2115073713065305,10.849471831596944,-2.350450768774107,1,
280.300000000,-4.225568045613345,10.835248701208815,-2.350450768774107,1,
280.400000000,-4.238456997061259,10.822210831686364,-2.350450768774107,1,
280.500000000,-4.251345948509172,10.809172962163913,-2.350450768774107,1,
280.600000000,-4.265406622815987,10.794949831775785,-2.350450768774107,1,
280.700000000,-4.279467297122801,10.780726701387657,-2.350450768774107,1,
280.800000000,-4.293527971429616,10.766503570999529,-2.350450768774107,1,
280.900000000,-4.3075886457364305,10.7522804406114,-2.350450768774107,1,
281.000000000,-4.321649320043245,10.738057310223272,-2.351393944830577,1,
281.100000000,-4.335723403010046,10.723847447850837,-2.3523371208870474,1,
281.200000000,-4.355680665077944,10.70373562375328,-2.353673286967047,1,
281.300000000,-4.375664782059768,10.683650483817631,-2.355009453047047,1,
281.400000000,-4.39332149048681,10.665951878010326,-2.3561884231176347,1,
281.500000000,-4.4109990527644065,10.648274101229246,-2.3573673931882224,1,
281.600000000,-4.427517551550814,10.631794306258195,-2.3584677652541046,1,
281.700000000,-4.444054174239147,10.61533269775513,-2.359568137319987,1,
281.800000000,-4.460608900806556,10.598889295652075,-2.361404510477121,1,
281.900000000,-4.4771937956657615,10.582476321913184,-2.363240883634255,1,
282.000000000,-4.492622016657929,10.567264009746347,-2.364946087280165,1,
282.100000000,-4.508076155297231,10.55207802794201,-2.3666512909260753,1,
282.200000000,-4.522365396543521,10.538084544294064,-2.3682253250607617,1,
282.300000000,-4.5366766463002515,10.52411356972532,-2.369799359195448,1,
282.400000000,-4.551009869110112,10.510165138850024,-2.3713733933301344,1,
282.500000000,-4.565365029461356,10.496239286226572,-2.372947427464821,1,
282.600000000,-4.578544003260672,10.48349464967985,-2.3743902920882833,1,
282.700000000,-4.591741352120443,10.47076904186786,-2.375833156711746,1,
282.800000000,-4.6061584755152305,10.456907348139477,-2.3786795782225085,1,
282.900000000,-4.620614996675383,10.443086747720319,-2.381525999733271,1,
283.000000000,-4.639942732404974,10.424714220875101,-2.385321228414288,1,
283.100000000,-4.659340056712126,10.406415179347352,-2.389116457095305,1,
283.200000000,-4.7140899634045255,10.35515654380978,-2.401575395180737,1,
283.300000000,-4.769474232515751,10.304583994585766,-2.4140343332661685,1,
283.400000000,-4.825484267126181,10.254705381704708,-2.4264932713516,1,
283.500000000,-4.882111373182913,10.205528447481033,-2.4389522094370317,1,
283.600000000,-4.9393467608492845,10.157060825312412,-2.454972244510062,1,
283.700000000,-4.997351223979972,10.109516296111664,-2.4709922795830925,1,
283.800000000,-5.056109876539542,10.062907061518251,-2.487012314656123,1,
283.900000000,-5.115607638940376,10.017245083141336,-2.5030323497291533,1,
284.000000000,-5.175829241912639,9.972542079490003,-2.5190523848021837,1,
284.100000000,-5.236759230422919,9.928809522965862,-2.535072419875214,1,
284.200000000,-5.29838196764055,9.886058636918824,-2.5510924549482445,1,
284.300000000,-5.360681638950583,9.844300392766778,-2.567112490021275,1,
284.400000000,-5.423642256012387,9.803545507179933,-2.5831325250943054,1,
284.500000000,-5.487247660862837,9.763804439330537,-2.5991525601673358,1,
284.600000000,-5.551481530063024,9.725087388208669,-2.6206330636634507,1,
284.700000000,-5.616532178490008,9.68775893874678,-2.6421135671595657,1,
284.800000000,-5.682369592146113,9.651836314078267,-2.664625834528891,1,
284.900000000,-5.7489989546587585,9.61740481612714,-2.687138101898216,1,
285.000000000,-5.816386499547744,9.584481894114735,-2.7096503692675413,1,
285.100000000,-5.8844980761006145,9.553084232745094,-2.7321626366368665,1,
285.200000000,-5.953299166679583,9.52322774374949,-2.7546749040061917,1,
285.300000000,-6.02275490421441,9.494927557822658,-2.777187171375517,1,
285.400000000,-6.09283008987236,9.468198016954851,-2.799699438744842,1,
285.500000000,-6.163489210896298,9.443052667163595,-2.8222117061141674,1,
285.600000000,-6.234696458601866,9.419504251628833,-2.8447239734834926,1,
285.700000000,-6.306415746524644,9.397564704234922,-2.867236240852818,1,
285.800000000,-6.377193987935658,9.377643890766242,-2.8937080267680897,1,
285.900000000,-6.4484747095978445,9.359603464335375,-2.9201798126833616,1,
286.000000000,-6.5202079640739,9.343456066131232,-2.9466515985986335,1,
286.100000000,-6.592343486830201,9.329213010870339,-2.9731233845139053,1,
286.200000000,-6.664830731457896,9.316884278868455,-2.9995951704291772,1,
286.300000000,-6.73761890509151,9.306478509047217,-3.026066956344449,1,
286.400000000,-6.812118979468977,9.29783334174104,-3.045426916918936,1,
286.500000000,-6.886772452310968,9.290632022929174,-3.0647868774934226,1,
286.600000000,-6.9615513437670895,9.284877251639745,-3.0772458155788542,1,
286.700000000,-7.036396128000711,9.280054568463074,-3.089704753664286,1,
286.800000000,-7.111295187370137,9.276164721991139,-3.098341156356592,1,
286.900000000,-7.186225047354873,9.272921870981934,-3.1069775590488984,1,
287.000000000,-7.261180119162362,9.27032625730995,-3.1142735247679645,1,
287.100000000,-7.336152133348008,9.268277577504008,-3.1215694904870306,1,
287.200000000,-7.411137099085548,9.266775940617139,-3.1288654562060967,1,
287.300000000,-7.4861310248592945,9.265821426582793,-3.136161421925163,1,
287.400000000,-7.561129918676611,9.265414086210592,3.1397279195353573,1,
287.500000000,-7.6361297882804084,9.265553941183624,3.1324319538162912,1,
287.600000000,-7.711126641361653,9.266240984057283,3.125135988097225,1,
287.700000000,-7.786116485771885,9.267475178259675,3.117840022378159,1,
287.800000000,-7.861095329735722,9.269256458093555,3.110544056659093,1,
287.900000000,-7.936059182063345,9.271584728739832,3.103248090940027,1,
288.000000000,-8.011004052362953,9.27445986626261,3.0959521252209607,1,
288.100000000,-8.085925951253175,9.277881717615792,3.0886561595018946,1,
288.200000000,-8.16082089057543,9.281850100651218,3.0813601937828285,1,
288.300000000,-8.235684883606215,9.28636480412837,3.0740642280637624,1,
288.400000000,-8.310513945269328,9.291425587725609,3.068145157688302,1,
288.500000000,-8.385311741144083,9.296929198565648,3.0622260873128413,1,
288.600000000,-8.460075650667873,9.302875443827874,3.0563070169373807,1,
288.700000000,-8.53480305446531,9.30926411518385,3.05038794656192,1,
288.800000000,-8.609491334439998,9.31609498880461,3.0444688761864596,1,
288.900000000,-8.684137873866248,9.323367825368502,3.038549805810999,1,
289.000000000,-8.758740057480772,9.331082370069577,3.0326307354355384,1,
289.100000000,-8.833295271574295,9.33923835262651,3.026711665060078,1,
289.200000000,-8.907800904083135,9.34783548729207,3.0207925946846172,1,
289.300000000,-8.982254344680713,9.356873472863136,3.0148735243091567,1,
289.400000000,-9.056652984869013,9.366351992691246,3.008954453933696,1,
289.500000000,-9.130994218069963,9.376270714693693,3.0030353835582355,1,
289.600000000,-9.205275439716766,9.386629291365155,2.997116313182775,1,
289.700000000,-9.279494047345144,9.397427359789878,2.9911972428073144,1,
289.800000000,-9.353647440684519,9.408664541654383,2.982560840115008,1,
289.900000000,-9.427701020963493,9.420541715049826,2.973924437422702,1,
290.000000000,-9.501649264748576,9.433057994093618,2.9652880347303956,1,
290.100000000,-9.575486656463003,9.446212445234208,2.9566516320380893,1,
290.200000000,-9.649207688798137,9.460004087320707,2.948015229345783,1,
290.300000000,-9.722806863124234,9.474431891676074,2.939378826653477,1,
290.400000000,-9.796278689900571,9.489494782173841,2.9307424239611706,1,
290.500000000,-9.8696176890849,9.505191635318377,2.9221060212688643,1,
290.600000000,-9.942818390542175,9.52152128032869,2.913469618576558,1,
290.700000000,-10.015875334452568,9.538482499225742,2.904833215884252,1,
290.800000000,-10.088783071718689,9.556074026923307,2.8948907694225037,1,
290.900000000,-10.161512305527125,9.574389554478845,2.8849483229607555,1,
291.000000000,-10.226432803209164,9.591426743997316,2.9178294966452447,1,
291.100000000,-10.291878310801673,9.606320446758232,2.950710670329734,1,
291.200000000,-10.365516107012212,9.620549816711089,2.9420742676374276,1,
291.300000000,-10.43902826797075,9.635414613756657,2.9334378649451214,1,
291.400000000,-10.512409310626632,9.650913729174501,2.9222218405091014,1,
291.500000000,-10.585611902880022,9.66723489602568,2.9110058160730814,1,
291.600000000,-10.658626835999609,9.684376061141919,2.8997897916370614,1,
291.700000000,-10.73144492486121,9.702335068200888,2.8885737672010414,1,
291.800000000,-10.804057009103227,9.72110965799748,2.8773577427650214,1,
291.900000000,-10.87645395427901,9.740697468728,2.8661417183290014,1,
292.000000000,-10.948626653005949,9.761096036287276,2.8549256938929815,1,
292.100000000,-11.020566026111164,9.782302794578648,2.8437096694569615,1,
292.200000000,-11.092263023773643,9.804315075836765,2.8324936450209415,1,
292.300000000,-11.163708626662693,9.827130110963195,2.8212776205849215,1,
292.400000000,-11.234893847072552,9.850745029874762,2.8100615961489015,1,
292.500000000,-11.305809730053022,9.875156861864605,2.7988455717128815,1,
292.600000000,-11.376447354535985,9.900362535975882,2.7876295472768615,1,
292.700000000,-11.446797834457655,9.926358881388088,2.7764135228408415,1,
292.800000000,-11.516852319876422,9.953142627815946,2.7651974984048215,1,
292.900000000,-11.58660199808616,9.980710405920792,2.7539814739688016,1,
293.000000000,-11.656038094724844,10.009058747734436,2.7314692065994763,1,
293.100000000,-11.724818465377854,10.038962938290853,2.708956939230151,1,
293.200000000,-11.79290825347541,10.070407822721075,2.686444671860826,1,
293.300000000,-11.860272952421695,10.103377465362094,2.6639324044915007,1,
293.400000000,-11.926878423082139,10.137855157832746,2.6414201371221755,1,
293.500000000,-11.992690911084471,10.173823427501203,2.6189078697528503,1,
293.600000000,-12.057677063924793,10.211264046339764,2.596395602383525,1,
293.700000000,-12.12180394786998,10.250158040162468,2.5738833350142,1,
293.800000000,-12.175493472672825,10.284398078118672,2.537561787200144,1,
293.900000000,-12.227904208541336,10.320565190783615,2.501240239386088,1,
294.000000000,-12.278967019959895,10.358611669764333,2.464918691572032,1,
294.100000000,-12.328614549473246,10.398487327577321,2.428597143757976,1,
294.200000000,-12.37678130653837,10.440139563851343,2.39227559594392,1,
294.300000000,-12.423403753913703,10.483513434713092,2.355954048129864,1,
294.400000000,-12.46842039147174,10.5285517252642,2.3196325003158083,1,
294.500000000,-12.511771837324451,10.575195025053954,2.2833109525017523,1,
294.600000000,-12.553400906154511,10.62338180644823,2.2469894046876964,1,
294.700000000,-12.59325268464902,10.673048505791172,2.2106678568736404,1,
294.800000000,-12.626403284919904,10.717585162743097,2.166187908303492,1,
294.900000000,-12.657540761876596,10.76355182065451,2.1217079597333433,1,
295.000000000,-12.686603521241251,10.810857551056708,2.077228011163196,1,
295.100000000,-12.713534072817163,10.859408776608598,2.032748062593047,1,
295.200000000,-12.743448673152866,10.919492497637899,1.999866888908558,1,
295.300000000,-12.77137183624956,10.980527191121581,1.9669857152240675,1,
295.400000000,-12.797613852521216,11.043260812315776,1.9349868229072416,1,
295.500000000,-12.821835371123894,11.106801891018602,1.9029879305904138,1,
295.600000000,-12.844597066036432,11.172782515165705,1.8727843310572918,1,
295.700000000,-12.86535583011218,11.239420426538887,1.8425807315241687,1,
295.800000000,-12.884338165999358,11.307535556487993,1.8132914096691095,1,
295.900000000,-12.901317599603699,11.376177372010261,1.7840020878140495,1,
296.000000000,-12.916475555847827,11.44619227334303,1.755639019951994,1,
296.100000000,-12.929641844335604,11.516608882843864,1.7272759520899368,1,
296.200000000,-12.940952199085746,11.588298018384132,1.6998518177691353,1,
296.300000000,-12.950292534881344,11.66027033532829,1.6724276834483336,1,
296.400000000,-12.957655827453545,11.732471707902372,1.6450035491275328,1,
296.500000000,-12.963036539341191,11.804847838074323,1.6175794148067308,1,
296.600000000,-12.964890601665218,11.844449958619657,1.5572249126442979,1,
296.700000000,-12.964352572711203,11.884091805494307,1.4968704104818646,1,
296.800000000,-12.962922673117712,11.903398888789772,1.4162303711797972,1,
296.900000000,-12.959942183086307,11.922528048661501,1.33559033187773,1,
297.000000000,-12.955684706580115,11.940294070784443,1.2538593671087868,1,
297.100000000,-12.949991023944373,11.957653207465656,1.1721284023398435,1,
297.200000000,-12.942899147530706,11.974489565064818,1.0903974375709,1,
297.300000000,-12.934456424358117,11.990690740136541,1.0086664728019572,1,
297.400000000,-12.925312382047272,12.005206924046925,0.9258226117936604,1,
297.500000000,-12.914998498431407,12.01891666182199,0.8429787507853642,1,
297.600000000,-12.890835887913159,12.046035347180235,0.7793002986958814,1,
297.700000000,-12.864996540796296,12.071561470724367,0.7156218466063985,1,
297.800000000,-12.822231034695575,12.10873972510862,0.6900358655645298,1,
297.900000000,-12.778528387560552,12.144811732877843,0.6644498845226611,1,
298.000000000,-12.719484178574088,12.191058693698666,0.681606023385896,1,
298.100000000,-12.661242039067876,12.238311769638111,0.6987621622491309,1,
298.200000000,-12.603819111210962,12.28655705289295,0.7191922446597763,1,
298.300000000,-12.547393753312848,12.335965341530281,0.7396223270704211,1,
298.400000000,-12.491989515836742,12.386516013827405,0.7600524094810661,1,
298.500000000,-12.43762952305699,12.438187971260673,0.7804824918917109,1,
298.600000000,-12.38433646340762,12.490959647311453,0.8009125743023561,1,
298.700000000,-12.332132580012768,12.54480901646743,0.8213426567130013,1,
298.800000000,-12.281039661403002,12.599713603415479,0.8407026172874875,1,
298.900000000,-12.231019201752872,12.655596996444086,0.8600625778619739,1,
299.000000000,-12.182089948548924,12.712438250660577,0.8794225384364607,1,
299.100000000,-12.13427024029749,12.770216062169387,0.8987824990109469,1,
299.200000000,-12.087577999651483,12.828908776056679,0.9181424595854331,1,
299.300000000,-12.04203072669306,12.888494394506527,0.9375024201599197,1,
299.400000000,-11.997645492374643,12.94895058504562,0.956862380734406,1,
299.500000000,-11.954438932120796,13.010254688913394,0.9762223413088924,1,
299.600000000,-11.912427239593327,13.072383729554446,0.9955823018833789,1,
299.700000000,-11.87162616062196,13.135314421230067,1.0149422624578655,1,
299.800000000,-11.832050987302853,13.199023177745657,1.0343022230323518,1,
299.900000000,-11.793716552267187,13.263486121290738,1.0536621836068378,1,
300.000000000,-11.756637223121935,13.328679091388272,1.0730221441813241,1,
300.100000000,-11.720826897064946,13.394577653949925,1.0923821047558104,1,
300.200000000,-11.68629899567632,13.46115711043387,1.1117420653302967,1,
300.300000000,-11.653066459888056,13.528392507101708,1.1311020259047833,1,
300.400000000,-11.621141745133825,13.596258644371048,1.1493710610099512,1,
300.500000000,-11.590462137667409,13.66469665782634,1.167640096115119,1,
300.600000000,-11.561037876757515,13.733683706392767,1.1859091312202872,1,
300.700000000,-11.532878782702994,13.803196765755946,1.204178166325455,1,
300.800000000,-11.505994253555333,13.873212636046249,1.222447201430623,1,
300.900000000,-11.480393261982066,13.943707949581729,1.2407162365357909,1,
301.000000000,-11.456084352272171,14.014659178667038,1.2589852716409589,1,
301.100000000,-11.43307563748442,14.086042643445767,1.2772543067461268,1,
301.200000000,-11.41137479673966,14.157834519803545,1.2955233418512948,1,
301.300000000,-11.39098907265792,14.230010847319312,1.313792376956463,1,
301.400000000,-11.3719252689412,14.30254753726206,1.3309485158196979,1,
301.500000000,-11.354108659189015,14.375400597712108,1.348104654682933,1,
301.600000000,-11.337544487290737,14.448548586128226,1.3641246897559636,1,
301.700000000,-11.322154224091236,14.521952535604054,1.3801447248289935,1,
301.800000000,-11.307941819286635,14.595593608041046,1.3961647599020244,1,
301.900000000,-11.294910920292152,14.669452904486352,1.4121847949750546,1,
302.000000000,-11.283064871306038,14.743511469982982,1.427044206398289,1,
302.100000000,-11.27232055630917,14.817737878324273,1.441903617821522,1,
302.200000000,-11.262680347625293,14.89211574046437,1.4555764914075426,1,
302.300000000,-11.254057967454314,14.966618455583935,1.4692493649935627,1,
302.400000000,-11.246455027703297,15.041232095805697,1.481708303078994,1,
302.500000000,-11.239782260702649,15.115934667251096,1.4941672411644256,1,
302.600000000,-11.234040702220152,15.190714574353152,1.5053832656004453,1,
302.700000000,-11.229138220555775,15.265554173988175,1.5165992900364647,1,
302.800000000,-11.225075432431344,15.340444051492788,1.523895255755531,1,
302.900000000,-11.221559141571271,15.415361577470275,1.5311912214745975,1,
303.000000000,-11.21858953515081,15.490302763994826,1.5356947220607886,1,
303.100000000,-11.215957455380979,15.565256564139217,1.54019822264698,1,
303.200000000,-11.213662955644256,15.640221457729204,1.5447017232331717,1,
303.300000000,-11.211706082476502,15.715195924365556,1.5492052238193632,1,
303.400000000,-11.210086875566006,15.79017844345488,1.5537087244055545,1,
303.500000000,-11.208805367752687,15.865167494240476,1.558212224991746,1,
303.600000000,-11.207861585027423,15.94016155583316,1.5612590996974938,1,
303.700000000,-11.20714630383874,16.015158144907737,1.5643059744032413,1,
303.800000000,-11.20665953082691,16.090156565238,1.5658526035418112,1,
303.900000000,-11.206288753093258,16.165155648724884,1.5673992326803807,1,
304.000000000,-11.206033971524711,16.240155215965984,1.5689458618189511,1,
304.100000000,-11.20589518673072,16.31515508755775,1.570492490957521,1,
304.200000000,-11.205872399043267,16.39015508409589,1.5720391200960908,1,
304.300000000,-11.205965608516863,16.46515502617583,1.573585749234661,1,
304.400000000,-11.206174814928543,16.54015473439311,1.5751323783732314,1,
304.500000000,-11.206500017777874,16.61515402934384,1.5766790075118007,1,
304.600000000,-11.20694121628695,16.69015273162512,1.5782256366503709,1,
304.700000000,-11.207498409400397,16.765150661835456,1.579772265788941,1,
304.800000000,-11.208171595785377,16.84014764057521,1.5813188949275105,1,
304.900000000,-11.208960773831585,16.91514348844702,1.5828655240660807,1,
305.000000000,-11.209865941651259,16.990138026056222,1.582865524066081,1,
305.100000000,-11.210771109470933,17.065132563665426,1.5828655240660807,1,
305.200000000,-11.211676277290607,17.14012710127463,1.58286552406608,1,
305.300000000,-11.212581445110281,17.215121638883833,1.5828655240660803,1,
305.400000000,-11.213486612929955,17.290116176493036,1.58286552406608,1,
305.500000000,-11.21439178074963,17.36511071410224,1.5828655240660796,1,
305.600000000,-11.215296948569303,17.440105251711444,1.5828655240660792,1,
305.700000000,-11.216202116388978,17.515099789320647,1.5828655240660794,1,
305.800000000,-11.217107284208652,17.59009432692985,1.5828655240660792,1,
305.900000000,-11.218012452028326,17.665088864539054,1.5828655240660785,1,
306.000000000,-11.218917619848,17.740083402148258,1.5828655240660787,1,
306.100000000,-11.219822787667674,17.81507793975746,1.582865524066078,1,
306.200000000,-11.220727955487348,17.890072477366665,1.5828655240660778,1,
306.300000000,-11.221633123307022,17.96506701497587,1.5828655240660772,1,
306.400000000,-11.222538291126696,18.040061552585072,1.5828655240660778,1,
306.500000000,-11.22344345894637,18.115056090194276,1.5828655240660772,1,
306.600000000,-11.224348626766044,18.19005062780348,1.5828655240660765,1,
306.700000000,-11.225253794585718,18.265045165412683,1.582865524066077,1,
306.800000000,-11.226107194990574,18.33575069356619,1.6121548459211363,1,
306.900000000,-11.229030850260099,18.406400904065396,1.6414441677761957,1,
307.000000000,-11.23402225247389,18.476935192944335,1.6707334896312551,1,
307.100000000,-11.24107711999191,18.547293055674952,1.7000228114863152,1,
307.200000000,-11.250189401127294,18.61741413906809,1.729312133341375,1,
307.300000000,-11.2613512793375,18.687238293044615,1.7586014551964353,1,
307.400000000,-11.274553179929368,18.75670562223237,1.787890777051495,1,
307.500000000,-11.289783778272321,18.825756537344578,1.817180098906553,1,
307.600000000,-11.307030009512662,18.894331806295725,1.8464694207616132,1,
307.700000000,-11.326277079780652,18.962372605011026,1.8757587426166729,1,
307.800000000,-11.347508478880735,19.0298205678859,1.9050480644717322,1,
307.900000000,-11.37070599445403,19.09661783785215,1.9343373863267925,1,
308.000000000,-11.39073134712311,19.14925366145803,1.978020917366193,1,
308.100000000,-11.413036183556466,19.20096477194573,2.021704448405593,1,
308.200000000,-11.437577947298267,19.251652507233786,2.0653879794449925,1,
308.300000000,-11.464309813952925,19.30122015778682,2.1090715104843927,1,
308.400000000,-11.494416244191536,19.351642301341336,2.1503451135036076,1,
308.500000000,-11.526577547486365,19.400779255588855,2.1916187165228225,1,
308.600000000,-11.560738944502882,19.448547327103462,2.2328923195420374,1,
308.700000000,-11.59684224920994,19.494865154034073,2.2741659225612523,1,
308.800000000,-11.634825967986211,19.539653844685507,2.315439525580467,1,
308.900000000,-11.674625404360334,19.582837111892225,2.356713128599682,1,
309.000000000,-11.719676216632477,19.627841218220624,2.393034676413738,1,
309.100000000,-11.76633157483092,19.671179686400436,2.429356224227794,1,
309.200000000,-11.815171705738006,19.713349468672384,2.4648298813600555,1,
309.300000000,-11.865476712815674,19.75376054619824,2.500303538492317,1,
309.400000000,-11.917868966346639,19.792873955755574,2.534921529978868,1,
309.500000000,-11.97158358668421,19.830150578446524,2.569539521465419,1,
309.600000000,-12.027282632119435,19.86601346797335,2.6032935366240078,1,
309.700000000,-12.084160237337974,19.89997622010289,2.6370475517825964,1,
309.800000000,-12.142915686525967,19.932422083270463,2.6699287254670856,1,
309.900000000,-12.202706042044348,19.962918808225076,2.7028098991515748,1,
310.000000000,-12.264265368466162,19.991808252259723,2.734808791468401,1,
310.100000000,-12.326717453842273,20.018713413071612,2.7668076837852276,1,
310.200000000,-12.390828736018284,20.043933397031193,2.7979142581687455,1,
310.300000000,-12.455693383844663,20.067147219541358,2.8290208325522634,1,
310.400000000,-12.522107860103658,20.088610091235896,2.859224432085386,1,
310.500000000,-12.58914020253927,20.10805752257599,2.8894280316185084,1,
310.600000000,-12.640605181722984,20.12131742064055,2.9362822982143797,1,
310.700000000,-12.692634735637006,20.132152294823975,2.983136564810251,1,
310.800000000,-12.716851231951049,20.1360219876337,3.0586128371945374,1,
310.900000000,-12.74129057710079,20.138054627498896,3.1340891095788237,1,
311.000000000,-12.765813614337906,20.138238640641607,-3.073619925216476,1,
311.100000000,-12.790280710374358,20.13657297929765,-2.99814365283219,1,
311.200000000,-12.814552550449278,20.133067127682537,-2.9226673804479035,1,
311.300000000,-12.838490931582191,20.1277410479887,-2.847191108063617,1,
311.400000000,-12.86195954949579,20.120625066721495,-2.771714835679331,1,
311.500000000,-12.884824774727566,20.111759702021164,-2.6962385632950445,1,
311.600000000,-12.906056333497578,20.101625075220376,-2.619764926129016,1,
311.700000000,-12.926451562566772,20.089897996325323,-2.5432912889629877,1,
311.800000000,-12.945891244323954,20.07664701442302,-2.4668176517969593,1,
311.900000000,-12.96426174668323,20.061949586373746,-2.390344014630931,1,
312.000000000,-12.96426174668323,20.061949586373746,-2.290344014630931,1,
312.100000000,-12.96426174668323,20.061949586373746,-2.1903440146309308,1,
312.200000000,-12.96426174668323,20.061949586373746,-2.0903440146309307,1,
312.300000000,-12.96426174668323,20.061949586373746,-1.9903440146309312,1,
312.400000000,-12.96426174668323,20.061949586373746,-1.8903440146309305,1,
312.500000000,-12.96426174668323,20.061949586373746,-1.7903440146309308,1,
312.600000000,-12.967497951037974,20.04744685927834,-1.7052034261882383,1,
312.700000000,-12.969489153516397,20.032721465411985,-1.6200628377455462,1,
312.800000000,-12.97027808551796,20.016720868103086,-1.53608287294977,1,
312.900000000,-12.96972208644636,20.000710484192105,-1.4521029081539947,1,
313.000000000,-12.967825075255769,19.984803162717785,-1.3681229433582192,1,
313.100000000,-12.964600423011522,19.969111026284263,-1.2841429785624432,1,
313.200000000,-12.960070858644297,19.953744680765965,-1.2001630137666675,1,
313.300000000,-12.954268308745462,19.938812435703145,-1.1161830489708917,1,
313.400000000,-12.947233672532798,19.92441954088313,-1.032203084175116,1,
313.500000000,-12.939016533572753,19.910667444488183,-0.9482231193793403,1,
313.600000000,-12.918330868066976,19.88184933213111,-0.8836967766089218,1,
313.700000000,-12.895830014284323,19.854425037494902,-0.8191704338385034,1,
313.800000000,-12.860078572551382,19.816173392895585,-0.771528374024652,1,
313.900000000,-12.822545999026099,19.779667779284726,-0.7238863142107995,1,
314.000000000,-12.783317467750368,19.744991040186516,-0.6762442543969476,1,
314.100000000,-12.742482001465039,19.712221868793332,-0.6286021945830954,1,
314.200000000,-12.70013226958735,19.68143462938438,-0.5809601347692434,1,
314.300000000,-12.656364377912835,19.65269918856813,-0.5333180749553914,1,
314.400000000,-12.61127765051893,19.62608075673145,-0.48567601514153924,1,
314.500000000,-12.564974404365202,19.601639740055308,-0.438033955327687,1,
314.600000000,-12.517559717101737,19.5794316034328,-0.39039189551383513,1,
314.700000000,-12.469141188612582,19.559506744600647,-0.3427498356999832,1,
314.800000000,-12.419828696835395,19.541910379769774,-0.29510777588613096,1,
314.900000000,-12.369734148411423,19.526682441014493,-0.247465716072279,1,
315.000000000,-12.318971224731664,19.5138574856532,-0.19982365625842696,1,
315.100000000,-12.26765512395553,19.503464617826182,-0.15218159644457482,1,
315.200000000,-12.215902299587452,19.495527422448532,-0.10453953663072281,1,
315.300000000,-12.16383019620468,19.490063911688026,-0.05689747681687075,1,
315.400000000,-12.110770464544558,19.48704168482386,-0.01004321022099928,1,
315.500000000,-12.057627411418574,19.48650794002383,0.03681105637487218,1,
315.600000000,-12.004517681614502,19.48846384881545,0.08366532297074365,1,
315.700000000,-11.951557846778064,19.492905118134008,0.1305195895666151,1,
315.800000000,-11.933444200592374,19.49528282083478,0.2122505543355581,1,
315.900000000,-11.91558513552075,19.4991313845982,0.2939815191045011,1,
316.000000000,-11.91558513552075,19.4991313845982,0.39398151910450113,1,
316.100000000,-11.91558513552075,19.4991313845982,0.49398151910450105,1,
316.200000000,-11.91558513552075,19.4991313845982,0.5939815191045009,1,
316.300000000,-11.91558513552075,19.4991313845982,0.693981519104501,1,
316.400000000,-11.91558513552075,19.4991313845982,0.7939815191045009,1,
316.500000000,-11.91558513552075,19.4991313845982,0.8939815191045011,1,
316.600000000,-11.91558513552075,19.4991313845982,0.9939815191045009,1,
316.700000000,-11.91558513552075,19.4991313845982,1.093981519104501,1,
316.800000000,-11.91558513552075,19.4991313845982,1.1939815191045013,1,
316.900000000,-11.91558513552075,19.4991313845982,1.2939815191045014,1,
317.000000000,-11.91558513552075,19.4991313845982,1.3939815191045013,1,
317.100000000,-11.91558513552075,19.4991313845982,1.4939815191045014,1,
317.200000000,-11.91558513552075,19.4991313845982,1.593981519104502,1,
317.300000000,-11.91558513552075,19.4991313845982,1.6939815191045013,1,
317.400000000,-11.91558513552075,19.4991313845982,1.7939815191045025,1,
317.500000000,-11.91558513552075,19.4991313845982,1.8939815191045015,1,
317.600000000,-11.91558513552075,19.4991313845982,1.9939815191045018,1,
317.700000000,-11.91558513552075,19.4991313845982,2.093981519104502,1,
317.800000000,-11.91558513552075,19.4991313845982,2.193981519104502,1,
317.900000000,-11.91558513552075,19.4991313845982,2.293981519104502,1,
318.000000000,-11.91558513552075,19.4991313845982,2.393981519104502,1,
318.100000000,-11.91558513552075,19.4991313845982,2.4939815191045023,1,
318.200000000,-11.91558513552075,19.4991313845982,2.5939815191045024,1,
318.300000000,-11.91558513552075,19.4991313845982,2.6939815191045025,1,
318.400000000,-11.91558513552075,19.4991313845982,2.7939815191045025,1,
318.500000000,-11.91558513552075,19.4991313845982,2.8939815191045026,1,
318.600000000,-11.91558513552075,19.4991313845982,2.9939815191045027,1,
318.700000000,-11.91558513552075,19.4991313845982,3.093981519104503,1,
318.800000000,-11.91558513552075,19.4991313845982,-3.0892037880750833,1,
318.900000000,-11.91558513552075,19.4991313845982,-2.9892037880750832,1,
319.000000000,-11.91558513552075,19.4991313845982,-2.889203788075083,1,
319.100000000,-11.91558513552075,19.4991313845982,-2.789203788075083,1,
319.200000000,-11.91558513552075,19.4991313845982,-2.689203788075083,1,
319.300000000,-11.91558513552075,19.4991313845982,-2.589203788075083,1,
319.400000000,-11.91558513552075,19.4991313845982,-2.489203788075083,1,
319.500000000,-11.91558513552075,19.4991313845982,-2.3892037880750827,1,
319.600000000,-11.922843702575404,19.492336868508897,-2.299146234684178,1,
319.700000000,-11.929461783999674,19.484917081258818,-2.209088681293273,1,
319.800000000,-11.935385741018555,19.476932159354806,-2.119031127902368,1,
319.900000000,-11.940567560654074,19.468446819653906,-2.028973574511463,1,
320.000000000,-11.944965244864846,19.459529834840808,-1.9389160211205587,1,
320.100000000,-11.948543150935288,19.45025347603329,-1.8488584677296531,1,
320.200000000,-11.951272280355651,19.44069292703328,-1.758800914338748,1,
320.300000000,-11.95313051385155,19.430925674970933,-1.668743360947843,1,
320.400000000,-11.954102790658087,19.421030882280522,-1.5786858075569385,1,
320.500000000,-11.954181230585597,19.411088745098183,-1.4886282541660334,1,
320.600000000,-11.952773129447298,19.39399048915534,-1.4057843931577374,1,
320.700000000,-11.949954991672817,19.37706739237648,-1.322940532149441,1,
320.800000000,-11.946024863000858,19.36153691857281,-1.2389605673536654,1,
320.900000000,-11.9408058689472,19.346390842215797,-1.1549806025578895,1,
321.000000000,-11.925457881013305,19.311632533826685,-1.0929766646655799,1,
321.100000000,-11.907985614858312,19.277892044039184,-1.0309727267732707,1,
321.200000000,-11.880573098385678,19.232142744754036,-0.9982900181185609,1,
321.300000000,-11.851680276232472,19.187313632868257,-0.9656073094638514,1,
321.400000000,-11.82323439957002,19.14619390401574,-0.9360373919350631,1,
321.500000000,-11.793585228449977,19.105933170640718,-0.9064674744062747,1,
321.600000000,-11.764813788481225,19.069191069177922,-0.8725621564838822,1,
321.700000000,-11.734813370363952,19.033445402439607,-0.8386568385614892,1,
321.800000000,-11.698047938397732,18.99253937583793,-0.8386568385614892,1,
321.900000000,-11.661282506431512,18.95163334923625,-0.8386568385614892,1,
322.000000000,-11.61213166002188,18.896947038666724,-0.8651286244767612,1,
322.100000000,-11.564445509206056,18.84097892911441,-0.8916004103920329,1,
322.200000000,-11.519445510380244,18.78523980325283,-0.9199634782540894,1,
322.300000000,-11.476044331422763,18.728246929038267,-0.9483265461161463,1,
322.400000000,-11.435349994667197,18.671541475383815,-0.9785301456492688,1,
322.500000000,-11.396386666776179,18.613632956167816,-1.0087337451823912,1,
322.600000000,-11.361082021861733,18.557578406351826,-1.0424877603409801,1,
322.700000000,-11.327689193783137,18.500364338671563,-1.076241775499569,1,
322.800000000,-11.29541317365297,18.44051110842711,-1.1082406678163956,1,
322.900000000,-11.2650685865328,18.379655897650668,-1.1402395601332223,1,
323.000000000,-11.235555588575748,18.315398734973623,-1.1695288819882819,1,
323.100000000,-11.207937028428768,18.25030484018214,-1.198818203843341,1,
323.200000000,-11.182568899810535,18.185281801430158,-1.2290218033764642,1,
323.300000000,-11.159175972679433,18.119522326992083,-1.2592254029095873,1,
323.400000000,-11.13832994051258,18.054795257005583,-1.2912242952264137,1,
323.500000000,-11.119565420965865,17.98943438604811,-1.3232231875432403,1,
323.600000000,-11.101547198468603,17.918148048475413,-1.3496949734585115,1,
323.700000000,-11.085422145064575,17.84640976776555,-1.3761667593737834,1,
323.800000000,-11.073269115649396,17.784758366699286,-1.4133289413228727,1,
323.900000000,-11.063415050378687,17.722698002737737,-1.4504911232719617,1,
324.000000000,-11.055253883132526,17.65518840345498,-1.4824900155887883,1,
324.100000000,-11.04925675752075,17.587452259997182,-1.514488907905615,1,
324.200000000,-11.045429813650902,17.51955892345555,-1.5464878002224418,1,
324.300000000,-11.043776969707862,17.451577905862116,-1.578486692539268,1,
324.400000000,-11.04430247285383,17.38324659319444,-1.6093403755603448,1,
324.500000000,-11.046935664075788,17.314964013070128,-1.640194058581422,1,
324.600000000,-11.051211756630638,17.25344578154288,-1.6704042468180054,1,
324.700000000,-11.057344092709982,17.192084782268196,-1.7006144350545895,1,
324.800000000,-11.065327076029378,17.13093701243887,-1.7228158011346544,1,
324.900000000,-11.074665544522404,17.069981530454207,-1.7450171672147197,1,
325.000000000,-11.087666106450277,16.99611688810376,-1.7523131329337855,1,
325.100000000,-11.101205231479764,16.9223490625059,-1.7596090986528514,1,
325.200000000,-11.115282198911329,16.84868198038688,-1.7669050643719182,1,
325.300000000,-11.129896259415615,16.775119563110277,-1.774201030090984,1,
325.400000000,-11.145046635073326,16.701665726468274,-1.7801201004664449,1,
325.500000000,-11.160631521221784,16.628302852180664,-1.7860391708419063,1,
325.600000000,-11.176650371839957,16.555033510537157,-1.774823146405886,1,
325.700000000,-11.191846441393071,16.48158911340479,-1.7636071219698661,1,
325.800000000,-11.206217818247714,16.40797889993341,-1.753664675508118,1,
325.900000000,-11.219856631238022,16.334229440408507,-1.7437222290463699,1,
326.000000000,-11.232761532147864,16.260348025069415,-1.73250620461035,1,
326.100000000,-11.244836982967202,16.186326518143996,-1.7212901801743303,1,
326.200000000,-11.256081464629858,16.112174231381292,-1.711347733712582,1,
326.300000000,-11.266588147531323,16.03791381383326,-1.701405287250834,1,
326.400000000,-11.276355993070995,15.963552606248168,-1.6941093215317682,1,
326.500000000,-11.285581046627087,15.889122112585374,-1.6868133558127019,1,
326.600000000,-11.294262817141883,15.814626294845528,-1.6795173900936358,1,
326.700000000,-11.302400842477102,15.740069118506538,-1.6722214243745697,1,
326.800000000,-11.309994689438495,15.665454552312484,-1.6663023539991095,1,
326.900000000,-11.317146757084116,15.590796344937859,-1.6603832836236483,1,
327.000000000,-11.323856794839186,15.516097112054746,-1.654464213248188,1,
327.100000000,-11.330124567615574,15.441359470772568,-1.6485451428727274,1,
327.200000000,-11.335949855820033,15.366586039546396,-1.6412491771536613,1,
327.300000000,-11.341229449430937,15.291772097722003,-1.6339532114345952,1,
327.400000000,-11.345963067410876,15.21692162771132,-1.630906336728848,1,
327.500000000,-11.350468603767764,15.142057082416924,-1.6278594620231002,1,
327.600000000,-11.354607763028973,15.069599345496044,-1.6552835963439017,1,
327.700000000,-11.360732207534804,14.997282352620372,-1.6827077306647031,1,
327.800000000,-11.368629031161003,14.927014008536183,-1.7119970525197628,1,
327.900000000,-11.378580285722721,14.857007062192515,-1.7412863743748224,1,
328.000000000,-11.390577435003456,14.787321565761385,-1.770575696229882,1,
328.100000000,-11.404610187811976,14.718017295674093,-1.7998650180849416,1,
328.200000000,-11.420666506810136,14.64915370134482,-1.829154339940002,1,
328.300000000,-11.438732618838548,14.58078985417474,-1.8584436617950608,1,
328.400000000,-11.458793026731232,14.512984396880386,-1.8877329836501202,1,
328.500000000,-11.480830522609137,14.445795493189756,-1.9170223055051798,1,
328.600000000,-11.504826202641109,14.379280777949289,-1.9463116273602397,1,
328.700000000,-11.530759483259656,14.313497307684509,-1.9756009492152993,1,
328.800000000,-11.558608118817595,14.248501511656778,-2.004890271070359,1,
328.900000000,-11.58834822067044,14.184349143458093,-2.034179592925419,1,
329.000000000,-11.619954277668146,14.121095233185486,-2.06346891478048,1,
329.100000000,-11.653399178038658,14.058794040236041,-2.092758236635539,1,
329.200000000,-11.688654232644469,13.997499006763022,-2.1220475584905985,1,
329.300000000,-11.72568919959225,13.93726271183302,-2.1513368803456583,1,
329.400000000,-11.764472310174437,13.87813682632348,-2.180626202200718,1,
329.500000000,-11.804970296120528,13.82017206859926,-2.209915524055778,1,
329.600000000,-11.847148418134706,13.763418161006264,-2.239204845910838,1,
329.700000000,-11.890970495695312,13.707923787219459,-2.2684941677658976,1,
329.800000000,-11.936398938090605,13.653736550481876,-2.2977834896209575,1,
329.900000000,-11.983394776664193,13.600902932770397,-2.3270728114760173,1,
330.000000000,-12.034861106981527,13.54634821855002,-2.3357092141683236,1,
330.100000000,-12.086796668563316,13.492240017293796,-2.34434561686063,1,
330.200000000,-12.139197587692461,13.438582364769474,-2.351641582579696,1,
330.300000000,-12.191988593068295,13.385308452284951,-2.358937548298762,1,
330.400000000,-12.245166874579168,13.332421115657452,-2.366233514017828,1,
330.500000000,-12.298729601498374,13.279923170126427,-2.373529479736894,1,
330.600000000,-12.351475159942924,13.228975315979756,-2.373529479736894,1,
330.700000000,-12.404220718387473,13.178027461833086,-2.373529479736894,1,
330.800000000,-12.453369988756258,13.130553325014597,-2.3724560139576707,1,
330.900000000,-12.5024682689555,13.083026455499331,-2.371382548178447,1,
331.000000000,-12.549122954434559,13.037767861587787,-2.370361446583576,1,
331.100000000,-12.595731401977009,12.99246165210517,-2.3693403449887045,1,
331.200000000,-12.63871185829358,12.950596626429562,-2.368397789670362,1,
331.300000000,-12.681652835421245,12.908691107898928,-2.367455234352019,1,
331.400000000,-12.720979173561664,12.870240631588935,-2.3665912253102053,1,
331.500000000,-12.76027227546824,12.831756191323297,-2.3657272162683913,1,
331.600000000,-12.797152727787612,12.795572262830623,-2.3649155714109296,1,
331.700000000,-12.834003799462906,12.759358412430164,-2.364103926553468,1,
331.800000000,-12.868449874814296,12.725452970330148,-2.3633446458803586,1,
331.900000000,-12.902870196492055,12.69152138376673,-2.3625853652072495,1,
332.000000000,-12.938450763554712,12.656392716733952,-2.361799902441964,1,
332.100000000,-12.974003727384513,12.6212361133298,-2.361014439676678,1,
332.200000000,-13.008344888091578,12.587224412513718,-2.360255159003569,1,
332.300000000,-13.042660214475074,12.553186646924518,-2.35949587833046,1,
332.400000000,-13.078132082347725,12.51794822202179,-2.358710415565174,1,
332.500000000,-13.113576260810339,12.482681946160701,-2.3579249527998885,1,
332.600000000,-13.146631630183219,12.449740781436299,-2.3579249527998885,1,
332.700000000,-13.179686999556099,12.416799616711897,-2.3579249527998885,1,
332.800000000,-13.210381271116631,12.386211392324952,-2.3579249527998885,1,
332.900000000,-13.241075542677164,12.355623167938008,-2.3579249527998885,1,
333.000000000,-13.27295036314387,12.323858473382334,-2.3579249527998885,1,
333.100000000,-13.304825183610577,12.29209377882666,-2.3579249527998885,1,
333.200000000,-13.334338906264934,12.262682024608443,-2.3579249527998885,1,
333.300000000,-13.363852628919291,12.233270270390227,-2.3579249527998885,1,
333.400000000,-13.394546900479824,12.202682046003282,-2.3579249527998885,1,
333.500000000,-13.425241172040357,12.172093821616338,-2.3579249527998885,1,
333.600000000,-13.454754894694714,12.142682067398122,-2.3579249527998885,1,
333.700000000,-13.484268617349072,12.113270313179905,-2.3579249527998885,1,
333.800000000,-13.512601791097255,12.085035029130417,-2.3579249527998885,1,
333.900000000,-13.54093496484544,12.056799745080928,-2.3579249527998885,1,
334.000000000,-13.566907040781274,12.030917401368898,-2.3579249527998885,1,
334.100000000,-13.592879116717109,12.005035057656867,-2.3579249527998885,1,
334.200000000,-13.616490094840595,11.981505654282294,-2.3579249527998885,1,
334.300000000,-13.64010107296408,11.957976250907722,-2.3579249527998885,1,
334.400000000,-13.662531502181393,11.935623317701877,-2.3579249527998885,1,
334.500000000,-13.684961931398705,11.913270384496032,-2.3579249527998885,1,
334.600000000,-13.707392360616018,11.890917451290187,-2.3579249527998885,1,
334.700000000,-13.72982278983333,11.868564518084343,-2.3579249527998885,1,
334.800000000,-13.752253219050642,11.846211584878498,-2.3579249527998885,1,
334.900000000,-13.774683648267954,11.823858651672653,-2.3579249527998885,1,
335.000000000,-13.797114077485267,11.801505718466808,-2.3579249527998885,1,
335.100000000,-13.819544506702579,11.779152785260964,-2.3579249527998885,1,
335.200000000,-13.841974935919891,11.756799852055119,-2.3579249527998885,1,
335.300000000,-13.864405365137204,11.734446918849274,-2.3579249527998885,1,
335.400000000,-13.886835794354516,11.71209398564343,-2.3579249527998885,1,
335.500000000,-13.909266223571828,11.689741052437585,-2.3579249527998885,1,
335.600000000,-13.93405775060149,11.665035178894282,-2.3579249527998885,1,
335.700000000,-13.95884927763115,11.64032930535098,-2.3579249527998885,1,
335.800000000,-13.981279706848463,11.617976372145135,-2.3579249527998885,1,
335.900000000,-14.003710136065775,11.59562343893929,-2.3579249527998885,1,
336.000000000,-14.026140565283088,11.573270505733445,-2.3579249527998885,1,
336.100000000,-14.0485709945004,11.5509175725276,-2.3579249527998885,1,
336.200000000,-14.080445814967106,11.519152877971926,-2.3579249527998885,1,
336.300000000,-14.112320635433813,11.487388183416252,-2.3579249527998885,1,
336.400000000,-14.145376004806693,11.45444701869185,-2.3579249527998885,1,
336.500000000,-14.178431374179572,11.421505853967448,-2.3579249527998885,1,
336.600000000,-14.209125645740105,11.390917629580503,-2.3579249527998885,1,
336.700000000,-14.239819917300638,11.360329405193559,-2.3579249527998885,1,
336.800000000,-14.268153091048822,11.33209412114407,-2.3579249527998885,1,
336.900000000,-14.296486264797005,11.303858837094582,-2.3579249527998885,1,
337.000000000,-14.32245834073284,11.277976493382551,-2.3579249527998885,1,
337.100000000,-14.348430416668675,11.252094149670521,-2.3579249527998885,1,
337.200000000,-14.381485786041555,11.219152984946119,-2.3579249527998885,1,
337.300000000,-14.414541155414435,11.186211820221716,-2.3579249527998885,1,
337.400000000,-14.445235426974968,11.155623595834772,-2.3579249527998885,1,
337.500000000,-14.4759296985355,11.125035371447828,-2.3579249527998885,1,
337.600000000,-14.507804519002207,11.093270676892153,-2.3579249527998885,1,
337.700000000,-14.539679339468913,11.06150598233648,-2.3579249527998885,1,
337.800000000,-14.56919306212327,11.032094228118263,-2.3579249527998885,1,
337.900000000,-14.598706784777628,11.002682473900046,-2.3579249527998885,1,
338.000000000,-14.625859409619636,10.975623660019288,-2.3579249527998885,1,
338.100000000,-14.653012034461645,10.94856484613853,-2.3579249527998885,1,
338.200000000,-14.683706306022177,10.917976621751585,-2.3579249527998885,1,
338.300000000,-14.71440057758271,10.88738839736464,-2.3579249527998885,1,
338.400000000,-14.743914300237067,10.857976643146424,-2.3579249527998885,1,
338.500000000,-14.773428022891425,10.828564888928208,-2.3579249527998885,1,
338.600000000,-14.801761196639609,10.80032960487872,-2.3579249527998885,1,
338.700000000,-14.830094370387792,10.77209432082923,-2.3579249527998885,1,
338.800000000,-14.856066446323627,10.7462119771172,-2.3579249527998885,1,
338.900000000,-14.882038522259462,10.72032963340517,-2.3579249527998885,1,
339.000000000,-14.912732793819995,10.689741409018225,-2.3579249527998885,1,
339.100000000,-14.943427065380527,10.65915318463128,-2.3579249527998885,1,
339.200000000,-14.97412133694106,10.628564960244336,-2.3579249527998885,1,
339.300000000,-15.004815608501593,10.597976735857392,-2.3579249527998885,1,
339.400000000,-15.0366904289683,10.566212041301718,-2.3579249527998885,1,
339.500000000,-15.068565249435006,10.534447346746044,-2.3579249527998885,1,
339.600000000,-15.098078972089363,10.505035592527827,-2.3579249527998885,1,
339.700000000,-15.12759269474372,10.47562383830961,-2.3579249527998885,1,
339.800000000,-15.158286966304253,10.445035613922666,-2.3579249527998885,1,
339.900000000,-15.188981237864786,10.414447389535722,-2.3579249527998885,1,
340.000000000,-15.220856058331492,10.382682694980048,-2.3579249527998885,1,
340.100000000,-15.252730878798198,10.350918000424373,-2.3579249527998885,1,
340.200000000,-15.282244601452556,10.321506246206157,-2.3579249527998885,1,
340.300000000,-15.311758324106913,10.29209449198794,-2.3579249527998885,1,
340.400000000,-15.342452595667446,10.261506267600996,-2.3579249527998885,1,
340.500000000,-15.373146867227979,10.230918043214052,-2.3579249527998885,1,
340.600000000,-15.401480040976162,10.202682759164563,-2.3579249527998885,1,
340.700000000,-15.429813214724346,10.174447475115075,-2.3579249527998885,1,
340.800000000,-15.459326937378703,10.145035720896859,-2.3579249527998885,1,
340.900000000,-15.48884066003306,10.115623966678642,-2.3579249527998885,1,
341.000000000,-15.517173833781245,10.087388682629154,-2.3579249527998885,1,
341.100000000,-15.545507007529428,10.059153398579666,-2.3579249527998885,1,
341.200000000,-15.576201279089961,10.028565174192721,-2.3579249527998885,1,
341.300000000,-15.606895550650494,9.997976949805777,-2.3579249527998885,1,
341.400000000,-15.635228724398678,9.969741665756288,-2.3579249527998885,1,
341.500000000,-15.663561898146861,9.9415063817068,-2.3579249527998885,1,
341.600000000,-15.69071452298887,9.914447567826041,-2.3579249527998885,1,
341.700000000,-15.717867147830878,9.887388753945283,-2.3579249527998885,1,
341.800000000,-15.74265867486054,9.86268288040198,-2.3579249527998885,1,
341.900000000,-15.7674502018902,9.837977006858678,-2.3579249527998885,1,
342.000000000,-15.8084760864349,9.797092864693864,-2.400005730746863,1,
342.100000000,-15.851185580985147,9.757970807507538,-2.442086508693838,1,
342.200000000,-15.869950162396153,9.742181453478969,-2.5175627810781243,1,
342.300000000,-15.889851911816878,9.727851987816761,-2.5930390534624106,1,
342.400000000,-15.891171619127313,9.727045492407376,-2.6914924241498173,1,
342.500000000,-15.89256420957586,9.726372622380412,-2.789945794837224,1,
342.600000000,-15.894016195591057,9.725839894642963,-2.8883991655246306,1,
342.700000000,-15.895513514341173,9.725452468790543,-2.9868525362120373,1,
342.800000000,-15.897041663936104,9.725214097135169,-3.085305906899444,1,
342.900000000,-15.898585843881639,9.725127088363315,3.0994260295927356,1,
343.000000000,-15.90013109842579,9.725192285175742,3.000972658905329,1,
343.100000000,-15.901662461408826,9.725409056125732,2.9025192882179223,1,
343.200000000,-15.903165101214105,9.725775301734807,2.8040659175305156,1,
343.300000000,-15.904624464415829,9.72628747482667,2.705612546843109,1,
343.400000000,-15.906026416732454,9.726940614882466,2.6071591761557023,1,
343.500000000,-15.907357379920583,9.727728396084588,2.5087058054682956,1,
343.600000000,-15.908604463283506,9.728643188583733,2.410252434780889,1,
343.700000000,-15.909755588520673,9.72967613239582,2.3117990640934822,1,
343.800000000,-15.929526702774808,9.751285561403508,2.2410883860536845,1,
343.900000000,-15.947721665487222,9.774237853506525,2.170377708013887,1,
344.000000000,-15.964249539744412,9.798418295053919,2.0996670299740896,1,
344.100000000,-15.979027720602607,9.823706034205745,2.0289563519342906,1,
344.200000000,-15.991982347940429,9.84997468494054,1.9582456738944942,1,
344.300000000,-16.00304867560564,9.877092958722153,1.8875349958546956,1,
344.400000000,-16.01217139501105,9.90492532066897,1.8168243178148977,1,
344.500000000,-16.019304911562223,9.933332666945988,1.7461136397751,1,
344.600000000,-16.024413572535504,9.962173019994252,1.6754029617353023,1,
344.700000000,-16.027471845267353,9.991302238122893,1.604692283695504,1,
344.800000000,-16.02957312565035,10.053270560245377,1.5666962216827311,1,
344.900000000,-16.02931890369952,10.115273977063513,1.5287001596699574,1,
345.000000000,-16.026494292785067,10.182333341951303,1.495818985985468,1,
345.100000000,-16.021466615360914,10.249263598978228,1.4629378123009793,1,
345.200000000,-16.014241306719285,10.315992391571868,1.43005663861649,1,
345.300000000,-16.00482617795476,10.382447580957793,1.3971754649320014,1,
345.400000000,-15.993231407519911,10.44855732414694,1.3642942912475116,1,
345.500000000,-15.97946953022162,10.514250151603203,1.3314131175630228,1,
345.600000000,-15.963555423670037,10.579455044507315,1.2985319438785337,1,
345.700000000,-15.945506292194782,10.644101511533446,1.2656507701940438,1,
345.800000000,-15.922973891388697,10.715636753994165,1.2641041410554739,1,
345.900000000,-15.900330879085738,10.78713706164279,1.2625575119169037,1,
346.000000000,-15.877577309449375,10.858602263446208,1.2625575119169035,1,
346.100000000,-15.854823739813012,10.930067465249627,1.2625575119169032,1,
346.200000000,-15.83207017017665,11.001532667053045,1.2625575119169026,1,
346.300000000,-15.809316600540287,11.072997868856463,1.2625575119169026,1,
346.400000000,-15.786563030903924,11.144463070659882,1.2625575119169026,1,
346.500000000,-15.763809461267561,11.2159282724633,1.2625575119169024,1,
346.600000000,-15.741055891631198,11.287393474266718,1.2808265470220705,1,
346.700000000,-15.719611646634199,11.359262413012944,1.2990955821272383,1,
346.800000000,-15.699483883258182,11.431511102561469,1.2904591794349323,1,
346.900000000,-15.678732909496532,11.503583268395051,1.2818227767426253,1,
347.000000000,-15.658051074987346,11.573149912704086,1.254398642421824,1,
347.100000000,-15.635469451351526,11.642123288386701,1.2269745081010224,1,
347.200000000,-15.610683995863585,11.711348135535285,1.200502722185751,1,
347.300000000,-15.584074932821812,11.779892690611007,1.174030936270479,1,
347.400000000,-15.555660907583281,11.84770892344824,1.1475591503552076,1,
347.500000000,-15.525461830268306,11.914749314227334,1.121087364439936,1,
347.600000000,-15.49349886180912,11.980966886772443,1.094615578524664,1,
347.700000000,-15.459794399122115,12.04631524146841,1.0681437926093922,1,
347.800000000,-15.424372059413987,12.110748587773653,1.0416720066941205,1,
347.900000000,-15.387256663632817,12.174221776306267,1.0152002207788489,1,
348.000000000,-15.365914993617922,12.208597723586673,0.9556622107255871,1,
348.100000000,-15.342565671594215,12.241642871361849,0.8961242006723253,1,
348.200000000,-15.340662467681947,12.244022211894432,0.799171075546958,1,
348.300000000,-15.338537878468342,12.246206145770516,0.7022179504215909,1,
348.400000000,-15.337357163920055,12.247205132950633,0.6037645797341843,1,
348.500000000,-15.336083972282394,12.248083224793415,0.5053112090467775,1,
348.600000000,-15.334730634720788,12.248831916769413,0.4068578383593709,1,
348.700000000,-15.33331025863311,12.249443957617826,0.3084044676719642,1,
348.800000000,-15.331836600701381,12.249913419576696,0.2099510969845575,1,
348.900000000,-15.330323933655025,12.250235755794703,0.11149772629715082,1,
349.000000000,-15.328786908036065,12.250407844368507,0.013044355609744124,1,
349.100000000,-15.327240410305127,12.25042801857912,-0.08540901507766256,1,
349.200000000,-15.325699418662502,12.250296083034492,-0.1838623857650693,1,
349.300000000,-15.324178857980705,12.250013315561917,-0.282315756452476,1,
349.400000000,-15.322693455253507,12.249582454831977,-0.38076912713988254,1,
349.500000000,-15.321257596961482,12.249007673833862,-0.4792224978272893,1,
349.600000000,-15.319885189735503,12.24829453945897,-0.5776758685146961,1,
349.700000000,-15.318589525667699,12.24744995858423,-0.6761292392021027,1,
349.800000000,-15.317383153574362,12.246482111177357,-0.7745826098895093,1,
349.900000000,-15.31627775745766,12.2454003710719,-0.8730359805769163,1,
350.000000000,-15.315284043343286,12.244215215179425,-0.9714893512643226,1,
350.100000000,-15.314411635590037,12.242938122018124,-1.0699427219517295,1,
350.200000000,-15.313668983675596,12.241581460540617,-1.1683960926391364,1,
350.300000000,-15.313063280361323,12.240158370337696,-1.266849463326543,1,
350.400000000,-15.312600392028642,12.238682634378236,-1.3653028340139495,1,
350.500000000,-15.31228480186173,12.237168545517857,-1.463756204701356,1,
350.600000000,-15.309559926863697,12.211809267560595,-1.5382509518645668,1,
350.700000000,-15.308729995376307,12.186317521131706,-1.6127456990277762,1,
350.800000000,-15.310392611390947,12.146706901258035,-1.6731002011902099,1,
350.900000000,-15.314441428246846,12.10726868906661,-1.733454703352643,1,
351.000000000,-15.320861701933225,12.06814650118581,-1.7938092055150758,1,
351.100000000,-15.329630052636219,12.029482803422432,-1.8541637076775084,1,
351.200000000,-15.340714549877887,11.991418391963853,-1.914518209839942,1,
351.300000000,-15.354074828792971,11.954091880660227,-1.9748727120023755,1,
351.400000000,-15.369662237119984,11.917639196253788,-2.035227214164808,1,
351.500000000,-15.387420012371361,11.882193083393418,-2.0955817163272408,1,
351.600000000,-15.41523707303325,11.83414428271217,-2.1400616648973894,1,
351.700000000,-15.44516312420043,11.787379899124735,-2.184541613467538,1,
351.800000000,-15.488358118090725,11.72606764502478,-2.209065340970208,1,
351.900000000,-15.53304357791401,11.665833023083726,-2.233589068472878,1,
352.000000000,-15.579192630591281,11.606712257383421,-2.258112795975548,1,
352.100000000,-15.626777522863575,11.548740902151426,-2.2826365234782178,1,
352.200000000,-15.675769637982304,11.491953820379308,-2.3071602509808877,1,
352.300000000,-15.726139512918886,11.436385162856626,-2.3316839784835577,1,
352.400000000,-15.777856856083307,11.38206834763322,-2.3562077059862276,1,
352.500000000,-15.830890565540978,11.32903603992217,-2.3807314334888976,1,
352.600000000,-15.885208747716904,11.277320132455483,-2.3837783081946453,1,
352.700000000,-15.939684249409627,11.225769965478777,-2.386825182900393,1,
352.800000000,-15.994316564899188,11.174386017554848,-2.386825182900393,1,
352.900000000,-16.04894888038875,11.12300206963092,-2.386825182900393,1,
353.000000000,-16.103581195878313,11.07161812170699,-2.386825182900393,1,
353.100000000,-16.158213511367876,11.020234173783061,-2.386825182900393,1,
353.200000000,-16.21284582685744,10.968850225859132,-2.386825182900393,1,
353.300000000,-16.267478142347002,10.917466277935203,-2.386825182900393,1,
353.400000000,-16.322110457836565,10.866082330011274,-2.386825182900393,1,
353.500000000,-16.37674277332613,10.814698382087345,-2.386825182900393,1,
353.600000000,-16.43137508881569,10.763314434163416,-2.386825182900393,1,
353.700000000,-16.486007404305255,10.711930486239487,-2.386825182900393,1,
353.800000000,-16.528197553800066,10.672248909042592,-2.3447444049534183,1,
353.900000000,-16.568681014958436,10.630827590185435,-2.3026636270064436,1,
354.000000000,-16.585069239602714,10.612583706027218,-2.2271873546221572,1,
354.100000000,-16.600035133891666,10.593156013825064,-2.1517110822378713,1,
354.200000000,-16.600035133891666,10.593156013825064,-2.0517110822378704,1,
354.300000000,-16.600035133891666,10.593156013825064,-1.9517110822378714,1,
354.400000000,-16.600035133891666,10.593156013825064,-1.8517110822378706,1,
354.500000000,-16.600035133891666,10.593156013825064,-1.751711082237871,1,
354.600000000,-16.600035133891666,10.593156013825064,-1.651711082237871,1,
354.700000000,-16.600035133891666,10.593156013825064,-1.551711082237871,1,
354.800000000,-16.599493850664587,10.56479811127463,-1.480074150206478,1,
354.900000000,-16.596924219688386,10.536551684576054,-1.4084372181750857,1,
355.000000000,-16.592339422285377,10.508561628174446,-1.3368002861436925,1,
355.100000000,-16.585762976887917,10.480971521423546,-1.2651633541122997,1,
355.200000000,-16.577228618396948,10.45392289207307,-1.1935264220809072,1,
355.300000000,-16.566780125133565,10.427554490280073,-1.1218894900495144,1,
355.400000000,-16.554471094271314,10.402001576868411,-1.0502525580181212,1,
355.500000000,-16.54036466690112,10.377395229487274,-0.9786156259867285,1,
355.600000000,-16.51509421845294,10.339830564426986,-0.9238892344784708,1,
355.700000000,-16.487806850226598,10.30370440823589,-0.8691628429702128,1,
355.800000000,-16.443914434705135,10.251765920523695,-0.8371639506533866,1,
355.900000000,-16.3983827981613,10.20125829021125,-0.8051650583365598,1,
356.000000000,-16.351258557785226,10.152233229118819,-0.7731661660197333,1,
356.100000000,-16.30258996134133,10.104740931150413,-0.7411672737029068,1,
356.200000000,-16.252426837770237,10.058830020903178,-0.7091683813860806,1,
356.300000000,-16.20082054617183,10.014547503883493,-0.6771694890692539,1,
356.400000000,-16.14782392322166,9.971938718380782,-0.6451705967524276,1,
356.500000000,-16.09349122907456,9.93104728904827,-0.6131717044356007,1,
356.600000000,-16.037878091810814,9.891915082238247,-0.5811728121187745,1,
356.700000000,-15.981041450481829,9.854582163137554,-0.5491739198019476,1,
356.800000000,-15.917069749529702,9.81543345335943,-0.524650192299278,1,
356.900000000,-15.852157308266309,9.777865182581731,-0.5001264647966084,1,
357.000000000,-15.786343163934841,9.741899943726459,-0.4756027372939387,1,
357.100000000,-15.71966689604745,9.707559365679362,-0.45107900979126914,1,
357.200000000,-15.652168602582796,9.674864100282683,-0.4265552822885995,1,
357.300000000,-15.583888875871803,9.64383380991549,-0.40203155478592967,1,
357.400000000,-15.514868778186125,9.614487155669062,-0.37750782728326,1,
357.500000000,-15.44514981704398,9.586841786124415,-0.3529840997805903,1,
357.600000000,-15.37477392024824,9.56091432673875,-0.3325540173699452,1,
357.700000000,-15.303883046694189,9.53642996342778,-0.3121239349593003,1,
357.800000000,-15.232506784371546,9.513398915322032,-0.2927639743848139,1,
357.900000000,-15.160698045500212,9.4917539384981,-0.2734040138103274,1,
358.000000000,-15.088483743734622,9.471503145414658,-0.2541977131066985,1,
358.100000000,-15.015893841927598,9.452642971617829,-0.23499141240306948,1,
358.200000000,-14.942955116363212,9.435180374072129,-0.2169855054934173,1,
358.300000000,-14.86971380139363,9.419033864185266,-0.19897959858376504,1,
358.400000000,-14.796193642140583,9.404208676719108,-0.17961963800927871,1,
358.500000000,-14.722400263315894,9.390809525938703,-0.1602596774347923,1,
358.600000000,-14.648361322409842,9.378841433797083,-0.14089971686030592,1,
358.700000000,-14.574104568948485,9.3683088858917,-0.12153975628581952,1,
358.800000000,-14.499657834093231,9.359215829783244,-0.10217979571133316,1,
358.900000000,-14.425049020209828,9.351565673516104,-0.08281983513684678,1,
359.000000000,-14.350306090410651,9.345361284341058,-0.06455080003167869,1,
359.100000000,-14.27546229137802,9.34052333577137,-0.0462817649265106,1,
359.200000000,-14.200542602107184,9.337053442464448,-0.030261729853480288,1,
359.300000000,-14.125576940947532,9.334784159120249,-0.014241694780449978,1,
359.400000000,-14.050584546789109,9.333716068118651,0.0006177166427839555,1,
359.500000000,-13.975584561098128,9.333762396863914,0.015477128066017885,1,
359.600000000,-13.90059354372481,9.334923135126742,0.026693152502037742,1,
359.700000000,-13.825620261802957,9.336924883828836,0.03790917693805759,1,
359.800000000,-13.750674146812893,9.339767391154444,0.047851623399805664,1,
359.900000000,-13.675759997099334,9.343354893446378,0.05779406986155373,1,
360.000000000,-13.600885218032909,9.347687036074914,0.06229757044774522,1,
360.100000000,-13.526030707993192,9.352356332243913,0.06680107103393669,1,
360.200000000,-13.451197985140674,9.357362687253122,0.07130457162012818,1,
360.300000000,-13.37638856719397,9.362705999566236,0.07580807220631969,1,
360.400000000,-13.30160397139904,9.368386160812955,0.07885494691206725,1,
360.500000000,-13.226837029446047,9.374294154634715,0.08190182161781481,1,
360.600000000,-13.152088435429286,9.38042992618502,0.08190182161781469,1,
360.700000000,-13.077339841412526,9.386565697735325,0.08190182161781456,1,
360.800000000,-13.002591247395765,9.39270146928563,0.08190182161781444,1,
360.900000000,-12.927842653379004,9.398837240835935,0.08190182161781431,1,
361.000000000,-12.853094059362244,9.40497301238624,0.07885494691206653,1,
361.100000000,-12.778327117409251,9.410881006208,0.07580807220631873,1,
361.200000000,-12.70354252161432,9.416561167454718,0.07276119750057096,1,
361.300000000,-12.628740966235629,9.42201344339497,0.06971432279482315,1,
361.400000000,-12.553923145688803,9.427237783412888,0.06816769365625294,1,
361.500000000,-12.4790973345131,9.432346401807125,0.06662106451768272,1,
361.600000000,-12.404263711696439,9.437339286357556,0.0650744353791125,1,
361.700000000,-12.32942245624543,9.442216425120893,0.06352780624054229,1,
361.800000000,-12.254573747184937,9.446977806430723,0.05760873586508161,1,
361.900000000,-12.179698166511134,9.451296072142899,0.05168966548962091,1,
362.000000000,-12.104798337511843,9.45517107096572,0.04577059511416022,1,
362.100000000,-12.029876884324429,9.458602667137473,0.03985152473869954,1,
362.200000000,-11.954936431843866,9.461590740431184,0.03393245436323884,1,
362.300000000,-11.879979605630778,9.464135186158833,0.028013383987778157,1,
362.400000000,-11.805009031819445,9.466235915175021,0.022094313612317472,1,
362.500000000,-11.730027337025797,9.467892853880095,0.016175243236856787,1,
362.600000000,-11.655037148255394,9.469105944222722,0.0102561728613961,1,
362.700000000,-11.580041092811383,9.46987514370193,0.004337102485935413,1,
362.800000000,-11.505041798202452,9.47020042536859,0.002790473347365199,1,
362.900000000,-11.430042090205069,9.470409710598034,0.001243844208794981,1,
363.000000000,-11.355042148223127,9.470502998889637,-0.0003027849297752359,1,
363.100000000,-11.280042151661078,9.470480290020252,-0.0018494140683454532,1,
363.200000000,-11.205042279923507,9.470341584044196,-0.0033960432069156704,1,
363.300000000,-11.130042712414696,9.470086881293263,-0.004942672345485887,1,
363.400000000,-11.055043628538202,9.469716182376718,-0.006489301484056104,1,
363.500000000,-10.980045207696426,9.469229488181297,-0.008035930622626319,1,
363.600000000,-10.90504762929018,9.4686267998712,-0.0007399649035602302,1,
363.700000000,-10.830047649823232,9.468571302508499,0.006556000815505859,1,
363.800000000,-10.75504926161046,9.469062999047365,0.013851966534571955,1,
363.900000000,-10.68005645688204,9.470101863314358,0.021147932253638042,1,
364.000000000,-10.605073227570937,9.471687840009821,0.028443897972704125,1,
364.100000000,-10.530103565100404,9.473820844710819,0.03573986369177021,1,
364.200000000,-10.455151460171523,9.476500763875634,0.04303582941083632,1,
364.300000000,-10.38022090255077,9.479727454849815,0.05033179512990241,1,
364.400000000,-10.305315880857638,9.48350074587376,0.0576277608489685,1,
364.500000000,-10.230440382352322,9.48782043609187,0.06492372656803459,1,
364.600000000,-10.155598392723471,9.492686295563233,0.08640423006414949,1,
364.700000000,-10.080878182001603,9.499158552486424,0.10788473356026441,1,
364.800000000,-10.006314225665218,9.507234220599063,0.13039700092958947,1,
364.900000000,-9.931950949362635,9.516986304353095,0.1529092682989146,1,
365.000000000,-9.857826038972906,9.528409861579926,0.1754215356682397,1,
365.100000000,-9.78397705957582,9.541499103040332,0.19793380303756483,1,
365.200000000,-9.710441436414643,9.556247395358335,0.22044607040688993,1,
365.300000000,-9.637256435929721,9.572647264382876,0.242958337776215,1,
365.400000000,-9.564459146872572,9.590690398975562,0.2644388412723299,1,
365.500000000,-9.492066197753179,9.610292973240105,0.2859193447684448,1,
365.600000000,-9.420110990264826,9.63144594266069,0.30843161213776993,1,
365.700000000,-9.348650176615466,9.65421329016916,0.33094387950709503,1,
365.800000000,-9.277719971771868,9.678583477711424,0.3534561468764201,1,
365.900000000,-9.207356321798455,9.704544154944866,0.37596841424574523,1,
366.000000000,-9.138064847717255,9.731896650098783,0.4014736669712518,1,
366.100000000,-9.069493466753979,9.761007354045612,0.42697891969675844,1,
366.200000000,-9.001226891761414,9.79206656747391,0.45150264719942806,1,
366.300000000,-8.93374245529075,9.824790424737945,0.4760263747020977,1,
366.400000000,-8.867529821508361,9.85892771372067,0.5015316274276043,1,
366.500000000,-8.802209308597908,9.894742486714588,0.5270368801531109,1,
366.600000000,-8.737386715864542,9.932465576080707,0.5515606076557809,1,
366.700000000,-8.67350863277407,9.971766854694598,0.5760843351584504,1,
366.800000000,-8.610613474524188,10.012622687432682,0.5985966025277752,1,
366.900000000,-8.548653933045921,10.05488396071926,0.6211088698971006,1,
367.000000000,-8.48766140824393,10.098529257353361,0.6436211372664257,1,
367.100000000,-8.427666809957413,10.143536458737579,0.6661334046357508,1,
367.200000000,-8.368700542295592,10.18988275608736,0.688645672005076,1,
367.300000000,-8.310792488229493,10.23754466199006,0.7111579393744011,1,
367.400000000,-8.253971994447834,10.286498022307903,0.7336702067437261,1,
367.500000000,-8.198267856484684,10.336718028418838,0.7561824741130512,1,
367.600000000,-8.143708304126442,10.388179229789076,0.778694741482376,1,
367.700000000,-8.090320987105521,10.440855546870928,0.8012070088517016,1,
367.800000000,-8.038132961088003,10.494720284319419,0.8042538835574489,1,
367.900000000,-7.986109296164775,10.548743781873315,0.8073007582631965,1,
368.000000000,-7.934250475294323,10.60292553800881,0.8103476329689446,1,
368.100000000,-7.882556979904807,10.657265049732915,0.8133945076746919,1,
368.200000000,-7.831029289889604,10.711761812588128,0.8164413823804393,1,
368.300000000,-7.779667883602843,10.76641532065711,0.8194882570861869,1,
368.400000000,-7.728473237854971,10.821225066567393,0.8225351317919346,1,
368.500000000,-7.677445827908323,10.876190541496085,0.8255820064976822,1,
368.600000000,-7.6265861274727085,10.93131123517459,0.8286288812034298,1,
368.700000000,-7.575894608701019,10.98658663589335,0.8316757559091775,1,
368.800000000,-7.525371742184841,11.042016230506592,0.8286288812034298,1,
368.900000000,-7.474680223413152,11.097291631225351,0.8255820064976818,1,
369.000000000,-7.423820522977538,11.152412324903857,0.8225351317919339,1,
369.100000000,-7.372793113030889,11.207377799832548,0.8194882570861863,1,
369.200000000,-7.321598467283017,11.262187545742831,0.8164413823804384,1,
369.300000000,-7.270237060996257,11.316841053811814,0.8133945076746901,1,
369.400000000,-7.2187093709810535,11.371337816667026,0.8103476329689426,1,
369.500000000,-7.167015875591538,11.425677328391131,0.8073007582631951,1,
369.600000000,-7.115157054721085,11.479859084526627,0.8042538835574472,1,
369.700000000,-7.063133389797858,11.533882582080523,0.8012070088516989,1,
369.800000000,-7.010945363780339,11.587747319529013,0.7981601341459513,1,
369.900000000,-6.958593461152848,11.641452796822131,0.7951132594402036,1,
370.000000000,-6.9060781679210415,11.694998515388393,0.7920663847344556,1,
370.100000000,-6.853399971607405,11.748383978139426,0.789019510028708,1,
370.200000000,-6.800559361246722,11.80160868947458,0.78597263532296,1,
370.300000000,-6.747556827381539,11.854672155285533,0.7829257606172121,1,
370.400000000,-6.694392862057607,11.907573882960872,0.7798788859114645,1,
370.500000000,-6.641067958819319,11.960313381390675,0.7768320112057165,1,
370.600000000,-6.587582612705122,12.012890160971061,0.7768320112057164,1,
370.700000000,-6.5340972665909245,12.065466940551447,0.7768320112057164,1,
370.800000000,-6.480611920476727,12.118043720131833,0.7768320112057162,1,
370.900000000,-6.42712657436253,12.17062049971222,0.7768320112057162,1,
371.000000000,-6.373641228248333,12.223197279292606,0.7768320112057162,1,
371.100000000,-6.320155882134136,12.275774058872992,0.7768320112057162,1,
371.200000000,-6.266670536019939,12.328350838453378,0.7768320112057158,1,
371.300000000,-6.213185189905742,12.380927618033764,0.7768320112057157,1,
371.400000000,-6.159699843791545,12.43350439761415,0.7768320112057154,1,
371.500000000,-6.106214497677348,12.486081177194537,0.7768320112057152,1,
371.600000000,-6.052729151563151,12.538657956774923,0.7768320112057154,1,
371.700000000,-5.999243805448954,12.59123473635531,0.7768320112057152,1,
371.800000000,-5.9457584593347566,12.643811515935695,0.776832011205715,1,
371.900000000,-5.8922731132205595,12.696388295516082,0.7768320112057149,1,
372.000000000,-5.838787767106362,12.748965075096468,0.7783786403442853,1,
372.100000000,-5.785383801709168,12.801624513755224,0.7799252694828553,1,
372.200000000,-5.732061344774531,12.854366485527748,0.7814718986214247,1,
372.300000000,-5.678820523853034,12.907190864252017,0.7830185277599949,1,
372.400000000,-5.625661466299977,12.960097523568882,0.784565156898565,1,
372.500000000,-5.572584299275082,13.013086336922376,0.7861117860371345,1,
372.600000000,-5.51958914974218,13.066157177560012,0.7876584151757047,1,
372.700000000,-5.466676144468915,13.119309918533093,0.7892050443142749,1,
372.800000000,-5.413845410026433,13.172544432697006,0.7892050443142747,1,
372.900000000,-5.3610146755839505,13.225778946860919,0.7892050443142745,1,
373.000000000,-5.308183941141468,13.279013461024832,0.7892050443142743,1,
373.100000000,-5.255353206698986,13.332247975188745,0.7892050443142742,1,
373.200000000,-5.202522472256504,13.385482489352658,0.7892050443142743,1,
373.300000000,-5.149691737814022,13.43871700351657,0.7892050443142742,1,
373.400000000,-5.09686100337154,13.491951517680484,0.789205044314274,1,
373.500000000,-5.044030268929058,13.545186031844397,0.7892050443142739,1,
373.600000000,-4.991199534486576,13.59842054600831,0.7892050443142736,1,
373.700000000,-4.938368800044094,13.651655060172223,0.7892050443142735,1,
373.800000000,-4.885538065601612,13.704889574336136,0.7892050443142736,1,
373.900000000,-4.8327073311591295,13.758124088500049,0.7892050443142733,1,
374.000000000,-4.779876596716647,13.811358602663962,0.7892050443142732,1,
374.100000000,-4.727045862274165,13.864593116827875,0.789205044314273,1,
374.200000000,-4.674215127831683,13.917827630991788,0.7892050443142729,1,
374.300000000,-4.621384393389201,13.9710621451557,0.7892050443142729,1,
374.400000000,-4.568553658946719,14.024296659319614,0.7892050443142729,1,
374.500000000,-4.515722924504237,14.077531173483527,0.7892050443142726,1,
374.600000000,-4.462892190061755,14.13076568764744,0.7892050443142726,1,
374.700000000,-4.410061455619273,14.184000201811353,0.7892050443142726,1,
374.800000000,-4.357230721176791,14.237234715975266,0.7709360092091043,1,
374.900000000,-4.303436313709807,14.289495233818817,0.7526669741039361,1,
375.000000000,-4.248696187013641,14.340764313479834,0.7343979389987679,1,
375.100000000,-4.193028610515855,14.391024843987013,0.7161289038935995,1,
375.200000000,-4.136452163178861,14.440260050970679,0.6978598687884314,1,
375.300000000,-4.0789857272992265,14.4884535022612,0.6795908336832633,1,
375.400000000,-4.020648482205734,14.5355891133732,0.661321798578095,1,
375.500000000,-3.961459897858314,14.58165115287373,0.6430527634729268,1,
375.600000000,-3.9014397283499793,14.626624247632606,0.6247837283677588,1,
375.700000000,-3.8406080053139258,14.670493387953165,0.6065146932625907,1,
375.800000000,-3.78174826115373,14.71132695947872,0.5781516254005341,1,
375.900000000,-3.721754180584981,14.75047488845136,0.5497885575384771,1,
376.000000000,-3.6606740234274215,14.787905683897678,0.5214254896764206,1,
376.100000000,-3.598556923151327,14.823589236123121,0.4930624218143638,1,
376.200000000,-3.535452847354064,14.857496840932509,0.4646993539523072,1,
376.300000000,-3.471412557565674,14.889601222719975,0.4363362860902507,1,
376.400000000,-3.4064875684158036,14.91987655640972,0.4079732182281941,1,
376.500000000,-3.340730106194838,14.948298488229964,0.37961015036613743,1,
376.600000000,-3.274193066842568,14.974844155303344,0.35124708250408077,1,
376.700000000,-3.206929973398182,14.999492204038045,0.3228840146420241,1,
376.800000000,-3.1407403537754943,15.02163880134636,0.2926804151089015,1,
376.900000000,-3.0739121175854804,15.0417764369043,0.262476815575779,1,
377.000000000,-3.005623260830711,15.060123972075106,0.23318749372071929,1,
377.100000000,-2.93682638323872,15.07646378961723,0.20389817186565962,1,
377.200000000,-2.8666734326299825,15.0909694287629,0.17553510400360298,1,
377.300000000,-2.79613732861084,15.103479747541293,0.14717203614154636,1,
377.400000000,-2.724346027691416,15.114122368993819,0.1197479018207449,1,
377.500000000,-2.6522898934964947,15.122792421125643,0.0923237674999434,1,
377.600000000,-2.579074822301563,15.129571183284824,0.06585198158467163,1,
377.700000000,-2.505705977555266,15.134409663116688,0.03938019566939991,1,
377.800000000,-2.4312689860362213,15.13734252265719,0.013874942943893173,1,
377.900000000,-2.356781409289133,15.138376099861478,-0.011630309781613559,1,
378.000000000,-2.2817864816359177,15.137503846292267,-0.02765034485464404,1,
378.100000000,-2.2068151501182243,15.135430334666044,-0.04367037992767454,1,
378.200000000,-2.1318866550813156,15.13215609712061,-0.059690415000705044,1,
378.300000000,-2.05702022587707,15.127681973943307,-0.07571045007373549,1,
378.400000000,-1.9822350759290368,15.122009113355368,-0.09173048514676599,1,
378.500000000,-1.9075503978015793,15.115138971217242,-0.10775052021979649,1,
378.600000000,-1.832985358274371,15.107073310654966,-0.11366959059525718,1,
378.700000000,-1.7584693658848434,15.09856643824474,-0.11958866097071787,1,
378.800000000,-1.6840050313225352,15.08961865202732,-0.12409216155690958,1,
378.900000000,-1.6095817481080676,15.080335607506305,-0.12859566214310125,1,
379.000000000,-1.535201025656013,15.070717492955604,-0.13309916272929298,1,
379.100000000,-1.4608643725177475,15.060764503444847,-0.1376026633154847,1,
379.200000000,-1.386573296350857,15.050476840835428,-0.14210616390167635,1,
379.300000000,-1.3123293038885584,15.0398547137764,-0.1466096644878681,1,
379.400000000,-1.2381339009091414,15.028898337700255,-0.15111316507405978,1,
379.500000000,-1.163988592205429,15.017607934818551,-0.1556166656602515,1,
379.600000000,-1.0898948815542575,15.005983734117407,-0.14969759528479099,1,
379.700000000,-1.0157336647902293,14.994798300371734,-0.14377852490933052,1,
379.800000000,-0.9415075401732156,14.984052025466468,-0.13648255919026447,1,
379.900000000,-0.8672049873594293,14.97384758303415,-0.1291865934711984,1,
380.000000000,-0.7928299615391166,14.964185516266227,-0.12189062775213225,1,
380.100000000,-0.7183864217603254,14.955066339483011,-0.11459466203306619,1,
380.200000000,-0.6438783307181621,14.946490538106305,-0.10729869631400007,1,
380.300000000,-0.5693096545438536,14.93845856863356,-0.100002730594934,1,
380.400000000,-0.4946843625936265,14.930970858613577,-0.09270676487586793,1,
380.500000000,-0.4200064272374151,14.924027806623744,-0.08541079915680183,1,
380.600000000,-0.3452798236474085,14.917629782248829,-0.07677439646449556,1,
380.700000000,-0.2705007516454993,14.91187735749632,-0.06813799377218932,1,
380.800000000,-0.19567478877742295,14.906770961422252,-0.05950159107988303,1,
380.900000000,-0.12080751608636328,14.902310974897327,-0.050865188387576796,1,
381.000000000,-0.04590451769667944,14.898497730578507,-0.042228785695270527,1,
381.100000000,0.0290286196025972,14.895331512884198,-0.03359238300296427,1,
381.200000000,0.10398630677446477,14.892812557973041,-0.02495598031065801,1,
381.300000000,0.17896295295082038,14.890941053726296,-0.01631957761835175,1,
381.400000000,0.25395296584946603,14.889717139733827,-0.007683174926045483,1,
381.500000000,0.3289507521912202,14.889140907283693,0.0009532277662607779,1,
381.600000000,0.40395071811710376,14.889212399355335,0.00958963045856704,1,
381.700000000,0.4789472696055688,14.889931610616376,0.018226033150873303,1,
381.800000000,0.5539348128897402,14.891298487423015,0.025521998869939392,1,
381.900000000,0.6289103877496184,14.893212429540949,0.03281796458900548,1,
382.000000000,0.7038700031694017,14.895673335089356,0.040113930308071574,1,
382.100000000,0.7788096689828237,14.898681073072067,0.04740989602713766,1,
382.200000000,0.8537253960855525,14.902235483384548,0.054705861746203746,1,
382.300000000,0.9286131966475355,14.906336376822406,0.06200182746526986,1,
382.400000000,1.0034690843252738,14.910983535091479,0.06929779318433595,1,
382.500000000,1.07828907447402,14.916176710819444,0.07659375890340202,1,
382.600000000,1.1506521572813817,14.921730135501566,0.10401789322420338,1,
382.700000000,1.2228357514917272,14.929265718157291,0.1314420275450047,1,
382.800000000,1.2929364741528688,14.938533333066374,0.1607313494000643,1,
382.900000000,1.362735727159724,14.949849882160617,0.19002067125512384,1,
383.000000000,1.432173636500254,14.963205658069702,0.21930999311018337,1,
383.100000000,1.5011906381241191,14.978589204168335,0.24859931496524285,1,
383.200000000,1.569727529036902,14.995987324403771,0.27788863682030257,1,
383.300000000,1.637725518084617,15.015385094615425,0.30717795867536185,1,
383.400000000,1.7051262763849422,15.03676587533687,0.3364672805304215,1,
383.500000000,1.7718719873619104,15.060111326069215,0.36575660238548113,1,
383.600000000,1.8379053963411467,15.085401421013646,0.3950459242405407,1,
383.700000000,1.9031698596631006,15.112614466249612,0.42433524609560025,1,
383.800000000,1.9676093932721515,15.14172711834394,0.4536245679506597,1,
383.900000000,2.031168720739901,15.172714404374902,0.4829138898057194,1,
384.000000000,2.097144664801,15.207306920570424,0.5084191425312259,1,
384.100000000,2.1622169555451194,15.243570736541768,0.5339243952567325,1,
384.200000000,2.2263432645759456,15.281482263305717,0.5594296479822389,1,
384.300000000,2.2894818788418605,15.321016840071767,0.5849349007077459,1,
384.400000000,2.351591727769556,15.362148750283541,0.6104401534332524,1,
384.500000000,2.4126324099797314,15.404851238346968,0.635945406158759,1,
384.600000000,2.472970700712087,15.449396616013992,0.6519654412317897,1,
384.700000000,2.53258766096566,15.494902857894902,0.6679854763048197,1,
384.800000000,2.5914679908801492,15.541358285448212,0.6828448877280534,1,
384.900000000,2.6496515455559257,15.588683479217396,0.6977042991512873,1,
385.000000000,2.7071254781778613,15.636867989892188,0.7125637105745213,1,
385.100000000,2.7638770986139907,15.685901178426828,0.727423121997755,1,
385.200000000,2.819893876217466,15.735772218389142,0.742282533420989,1,
385.300000000,2.8751634425933013,15.786470098351002,0.7571419448442228,1,
385.400000000,2.929673594329288,15.837983624319621,0.7720013562674569,1,
385.500000000,2.9834122956904867,15.890301422209173,0.7868607676906906,1,
385.600000000,3.036367681276691,15.94341194035216,0.7899076423964381,1,
385.700000000,3.0891610002149053,15.996683560146268,0.7929545171021861,1,
385.800000000,3.141791762401611,16.0501157870477,0.794501146240756,1,
385.900000000,3.1943398218341965,16.10362935028049,0.7960477753793256,1,
386.000000000,3.2468050528144867,16.157224121836908,0.7975944045178958,1,
386.100000000,3.2991873298424377,16.210899973514987,0.7991410336564657,1,
386.200000000,3.351486527616436,16.2646567769188,0.8006876627950357,1,
386.300000000,3.4037025210335985,16.318494403458786,0.8022342919336057,1,
386.400000000,3.4558351851900735,16.372412724352042,0.8037809210721757,1,
386.500000000,3.5078843953813363,16.426411610622647,0.8053275502107456,1,
386.600000000,3.5598500271024904,16.480490933101958,0.8037809210721757,1,
386.700000000,3.6118992372937533,16.534489819372563,0.8022342919336053,1,
386.800000000,3.6640319014502283,16.58840814026582,0.8006876627950351,1,
386.900000000,3.716247894867391,16.642245766805804,0.7991410336564648,1,
387.000000000,3.768547092641389,16.696002570209618,0.7975944045178947,1,
387.100000000,3.82092936966934,16.749678421887698,0.7960477753793245,1,
387.200000000,3.8733946006496303,16.803273193444117,0.7945011462407542,1,
387.300000000,3.9259426600822156,16.856786756676904,0.7929545171021841,1,
387.400000000,3.9785734222689215,16.91021898357834,0.7914078879636139,1,
387.500000000,4.031286761313742,16.963569746335263,0.7898612588250438,1,
387.600000000,4.084082551123145,17.016838917329387,0.7898612588250437,1,
387.700000000,4.136878340932547,17.07010808832351,0.7898612588250437,1,
387.800000000,4.18967413074195,17.123377259317635,0.7898612588250434,1,
387.900000000,4.242469920551352,17.17664643031176,0.7898612588250434,1,
388.000000000,4.295265710360755,17.229915601305883,0.7898612588250434,1,
388.100000000,4.348061500170157,17.283184772300007,0.7898612588250434,1,
388.200000000,4.40085728997956,17.33645394329413,0.7898612588250431,1,
388.300000000,4.453653079788962,17.389723114288255,0.7898612588250429,1,
388.400000000,4.506448869598365,17.44299228528238,0.7898612588250429,1,
388.500000000,4.559244659407767,17.496261456276503,0.7898612588250429,1,
388.600000000,4.61204044921717,17.549530627270627,0.7898612588250429,1,
388.700000000,4.664836239026572,17.60279979826475,0.7898612588250424,1,
388.800000000,4.7176320288359745,17.656068969258875,0.7898612588250423,1,
388.900000000,4.770427818645377,17.709338140253,0.7898612588250422,1,
389.000000000,4.8232236084547795,17.762607311247123,0.7898612588250422,1,
389.100000000,4.876019398264182,17.815876482241247,0.7898612588250419,1,
389.200000000,4.928815188073584,17.86914565323537,0.789861258825042,1,
389.300000000,4.981610977882987,17.922414824229495,0.7898612588250419,1,
389.400000000,5.034406767692389,17.97568399522362,0.7898612588250417,1,
389.500000000,5.087202557501792,18.028953166217743,0.7898612588250415,1,
389.600000000,5.139998347311194,18.082222337211867,0.7898612588250414,1,
389.700000000,5.192794137120597,18.13549150820599,0.789861258825041,1,
389.800000000,5.245589926929999,18.188760679200115,0.7898612588250412,1,
389.900000000,5.298385716739402,18.24202985019424,0.789861258825041,1,
390.000000000,5.351181506548804,18.295299021188363,0.7898612588250408,1,
390.100000000,5.403977296358207,18.348568192182487,0.7898612588250407,1,
390.200000000,5.456773086167609,18.40183736317661,0.7898612588250408,1,
390.300000000,5.509568875977012,18.455106534170735,0.7898612588250404,1,
390.400000000,5.562364665786415,18.50837570516486,0.7898612588250407,1,
390.500000000,5.615160455595818,18.561644876158983,0.7898612588250404,1,
390.600000000,5.667956245405222,18.614914047153107,0.7898612588250403,1,
390.700000000,5.720752035214625,18.66818321814723,0.7898612588250402,1,
390.800000000,5.773547825024028,18.721452389141355,0.7898612588250401,1,
390.900000000,5.826343614833432,18.77472156013548,0.78986125882504,1,
391.000000000,5.879139404642835,18.827990731129603,0.7898612588250397,1,
391.100000000,5.9319351944522385,18.881259902123727,0.78986125882504,1,
391.200000000,5.984730984261642,18.93452907311785,0.7898612588250397,1,
391.300000000,6.037526774071045,18.987798244111975,0.7898612588250394,1,
391.400000000,6.090322563880449,19.0410674151061,0.7898612588250393,1,
391.500000000,6.143118353689852,19.094336586100223,0.7898612588250393,1,
391.600000000,6.195914143499255,19.147605757094347,0.7898612588250393,1,
391.700000000,6.248709933308659,19.20087492808847,0.7898612588250393,1,
391.800000000,6.301505723118062,19.254144099082595,0.7898612588250391,1,
391.900000000,6.354301512927465,19.30741327007672,0.7898612588250391,1,
392.000000000,6.407097302736869,19.360682441070843,0.789861258825039,1,
392.100000000,6.459893092546272,19.413951612064967,0.7898612588250388,1,
392.200000000,6.5126888823556754,19.46722078305909,0.789861258825039,1,
392.300000000,6.565484672165079,19.520489954053215,0.7898612588250385,1,
392.400000000,6.618280461974482,19.57375912504734,0.7898612588250384,1,
392.500000000,6.6710762517838855,19.627028296041463,0.7898612588250382,1,
392.600000000,6.723872041593289,19.680297467035587,0.7898612588250381,1,
392.700000000,6.776667831402692,19.73356663802971,0.7898612588250382,1,
392.800000000,6.829463621212096,19.786835809023835,0.7898612588250382,1,
392.900000000,6.882259411021499,19.84010498001796,0.789861258825038,1,
393.000000000,6.935055200830902,19.893374151012083,0.7898612588250379,1,
393.100000000,6.987850990640306,19.946643322006206,0.7898612588250375,1,
393.200000000,7.040646780449709,19.99991249300033,0.7898612588250374,1,
393.300000000,7.093442570259112,20.053181663994454,0.7898612588250372,1,
393.400000000,7.146238360068516,20.10645083498858,0.7898612588250372,1,
393.500000000,7.199034149877919,20.159720005982702,0.7898612588250372,1,
393.600000000,7.2518299396873225,20.212989176976826,0.7812248561327304,1,
393.700000000,7.3050838088500285,20.265800401344393,0.7725884534404245,1,
393.800000000,7.358791785320344,20.31814974005525,0.762646006978676,1,
393.900000000,7.413017579157965,20.369962511479677,0.7527035605169276,1,
394.000000000,7.4653013173663965,20.418934552126238,0.7810666283789841,1,
394.100000000,7.516175215715284,20.46936962437684,0.8094296962410406,1,
394.200000000,7.565598350747837,20.521227157770653,0.837792764103097,1,
394.300000000,7.61353096601533,20.574465437605326,0.8661558319651536,1,
394.400000000,7.659934504057583,20.629041638492687,0.8945188998272101,1,
394.500000000,7.704771637418951,20.684911858807908,0.922881967689266,1,
394.600000000,7.748006298674895,20.74203115600439,0.9512450355513229,1,
394.700000000,7.789603709444961,20.800353582765997,0.9796081034133793,1,
394.800000000,7.8295304083688535,20.8598322239675,1.0079711712754358,1,
394.900000000,7.8677542780230745,20.920419234413583,1.0363342391374926,1,
395.000000000,7.904722843049219,20.982873869781926,1.0637583734582934,1,
395.100000000,7.939964957602142,21.046318724899766,1.0911825077790949,1,
395.200000000,7.973454118342678,21.110706086951488,1.1186066420998961,1,
395.300000000,8.00516514021605,21.175987534322328,1.1460307764206974,1,
395.400000000,8.034687234140181,21.241258477447666,1.174393844282754,1,
395.500000000,8.062346418150964,21.307340393173483,1.2027569121448107,1,
395.600000000,8.08812044293277,21.374180124566443,1.231119980006867,1,
395.700000000,8.111988575610315,21.44172390509895,1.2594830478689236,1,
395.800000000,8.134219220269895,21.510811202897493,1.2869071821897249,1,
395.900000000,8.15454708395344,21.580482102397557,1.3143313165105261,1,
396.000000000,8.16460367091612,21.618830903649364,1.3746858186729594,1,
396.100000000,8.172328829153054,21.65771647203923,1.435040320835392,1,
396.200000000,8.172741191369807,21.660735313522956,1.5319934459607587,1,
396.300000000,8.17285938922624,21.663779894901143,1.628946571086126,1,
396.400000000,8.17285938922624,21.663779894901143,1.728946571086126,1,
396.500000000,8.17285938922624,21.663779894901143,1.8289465710861261,1,
396.600000000,8.17285938922624,21.663779894901143,1.9289465710861264,1,
396.700000000,8.17285938922624,21.663779894901143,2.0289465710861267,1,
396.800000000,8.17285938922624,21.663779894901143,2.1289465710861264,1,
396.900000000,8.17285938922624,21.663779894901143,2.2289465710861265,1,
397.000000000,8.17285938922624,21.663779894901143,2.3289465710861266,1,
397.100000000,8.17285938922624,21.663779894901143,2.4289465710861267,1,
397.200000000,8.17285938922624,21.663779894901143,2.5289465710861267,1,
397.300000000,8.17285938922624,21.663779894901143,2.628946571086127,1,
397.400000000,8.17285938922624,21.663779894901143,2.728946571086127,1,
397.500000000,8.17285938922624,21.663779894901143,2.828946571086127,1,
397.600000000,8.17285938922624,21.663779894901143,2.928946571086127,1,
397.700000000,8.17285938922624,21.663779894901143,3.028946571086127,1,
397.800000000,8.145609065227907,21.666862587094194,3.1015224366572847,1,
397.900000000,8.11820694425408,21.667961184066233,-3.109087004951144,1,
398.000000000,8.089858859418754,21.667039386495738,-3.0374500729197513,1,
398.100000000,8.061649460825928,21.664090919839513,-2.9658131408883586,1,
398.200000000,8.033723452979274,21.659130908716495,-2.894176208856966,1,
398.300000000,8.006224086685496,21.652184796276256,-2.822539276825573,1,
398.400000000,7.979292424227001,21.64328821368441,-2.7509023447941803,1,
398.500000000,7.953066615760956,21.632486797347,-2.6792654127627875,1,
398.600000000,7.912545971137953,21.612293308663766,-2.6245390212545296,1,
398.700000000,7.873190555806988,21.589913610051166,-2.569812629746272,1,
398.800000000,7.8144960347331915,21.55214469804605,-2.5396090302131493,1,
398.900000000,7.756968867537406,21.51262049593442,-2.509405430680027,1,
399.000000000,7.699923948197531,21.47083680077441,-2.4801161088249675,1,
399.100000000,7.6441271366358245,21.427400458579598,-2.450826786969908,1,
399.200000000,7.589626295527362,21.38234872917675,-2.4215374651148487,1,
399.300000000,7.536468175859811,21.335720258076705,-2.3922481432597893,1,
399.400000000,7.4846983768302975,21.287555043324137,-2.36295882140473,1,
399.500000000,7.434361306730267,21.23789440118711,-2.3336694995496705,1,
399.600000000,7.382536218398286,21.18368037883696,-2.3263735338306044,1,
399.700000000,7.331108049553189,21.12908968870357,-2.3190775681115383,1,
399.800000000,7.280079537761641,21.074125236697387,-2.314574067525347,1,
399.900000000,7.229299075042155,21.018931535915552,-2.3100705669391557,1,
400.000000000,7.178767691297835,20.96350970576818,-2.3055670663529644,1,
400.100000000,7.128486411380093,20.90786087029219,-2.301063565766773,1,
400.200000000,7.078456255067867,20.851986158128508,-2.2965600651805818,1,
400.300000000,7.028678237046934,20.795886702499175,-2.2920565645943904,1,
400.400000000,6.979153366889333,20.739563641184358,-2.287553064008199,1,
400.500000000,6.929882649032888,20.68301811649928,-2.283049563422008,1,
400.600000000,6.8808670827608385,20.626251275271056,-2.2860964381277555,1,
400.700000000,6.83167878282023,20.569634041596558,-2.2891433128335033,1,
400.800000000,6.782318205847611,20.513166941078378,-2.292190187539251,1,
400.900000000,6.732785810078851,20.456850497925362,-2.2952370622449987,1,
401.000000000,6.68308205534489,20.400685234947733,-2.2982839369507464,1,
401.100000000,6.633207403067468,20.344671673552245,-2.301330811656494,1,
401.200000000,6.583162316254841,20.288810333737338,-2.304377686362242,1,
401.300000000,6.532947259497484,20.23310173408831,-2.3074245610679895,1,
401.400000000,6.482562698963779,20.177546391772516,-2.3104714357737373,1,
401.500000000,6.432009102395684,20.12214482253454,-2.313518310479485,1,
401.600000000,6.381286939104392,20.066897540691436,-2.3165651851852327,1,
401.700000000,6.330396679965977,20.011805059127934,-2.3196120598909804,1,
401.800000000,6.27933879741702,19.956867889291686,-2.322597555161685,1,
401.900000000,6.228117127994909,19.90208339712819,-2.3255830504323898,1,
402.000000000,6.1767321282473695,19.847452070941237,-2.3284114143730577,1,
402.100000000,6.125192816963505,19.792966298556284,-2.3312397783137255,1,
402.200000000,6.07349960643911,19.738626515839744,-2.333858633814344,1,
402.300000000,6.021664265304875,19.684422296359177,-2.3364774893149622,1,
402.400000000,5.969687149068316,19.63035401186881,-2.3389392134855433,1,
402.500000000,5.9175770892562145,19.576413844401706,-2.3414009376561244,1,
402.600000000,5.865334401659849,19.52260212083975,-2.3427100422649336,1,
402.700000000,5.813021313673856,19.468858834511412,-2.344019146873743,1,
402.800000000,5.7618019904772275,19.416376849897098,-2.345171158929495,1,
402.900000000,5.710522241402378,19.363953905372792,-2.3463231709852472,1,
403.000000000,5.666183058172207,19.318730593446393,-2.3473180904879425,1,
403.100000000,5.621798903339344,19.273551417813326,-2.3483130099906377,1,
403.200000000,5.573862261693263,19.224853134146038,-2.3493864757698613,1,
403.300000000,5.525873371735581,19.17620633687146,-2.3504599415490848,1,
403.400000000,5.486034424882154,19.13590783287043,-2.3513501326830752,1,
403.500000000,5.4461596204474825,19.09564480910907,-2.3522403238170657,1,
403.600000000,5.393336727247824,19.04240251432365,-2.3522403238170657,1,
403.700000000,5.340513834048166,18.98916021953823,-2.3522403238170657,1,
403.800000000,5.287690940848508,18.93591792475281,-2.3522403238170657,1,
403.900000000,5.23486804764885,18.88267562996739,-2.3522403238170657,1,
404.000000000,5.185566680662503,18.832982821501,-2.3522403238170657,1,
404.100000000,5.136265313676156,18.783290013034605,-2.3522403238170657,1,
404.200000000,5.0904854729031195,18.73714669088724,-2.3522403238170657,1,
404.300000000,5.044705632130083,18.691003368739874,-2.3522403238170657,1,
404.400000000,5.002447317570357,18.64840953291154,-2.3522403238170657,1,
404.500000000,4.960189003010631,18.605815697083205,-2.3522403238170657,1,
404.600000000,4.921452214664215,18.566771347573898,-2.3522403238170657,1,
404.700000000,4.882715426317799,18.52772699806459,-2.3522403238170657,1,
404.800000000,4.84632632211359,18.491048972767967,-2.3522403238170657,1,
404.900000000,4.809937217909382,18.454370947471343,-2.3522403238170657,1,
405.000000000,4.77589579784738,18.420059246387407,-2.3522403238170657,1,
405.100000000,4.741854377785379,18.38574754530347,-2.3522403238170657,1,
405.200000000,4.710160641865584,18.353802168432217,-2.3522403238170657,1,
405.300000000,4.678466905945789,18.321856791560965,-2.3522403238170657,1,
405.400000000,4.647947012097098,18.291094576796056,-2.3522403238170657,1,
405.500000000,4.617427118248407,18.260332362031146,-2.3522403238170657,1,
405.600000000,4.585733382328612,18.228386985159894,-2.3522403238170657,1,
405.700000000,4.554039646408817,18.19644160828864,-2.3522403238170657,1,
405.800000000,4.522345910489022,18.164496231417388,-2.3522403238170657,1,
405.900000000,4.4906521745692265,18.132550854546135,-2.3522403238170657,1,
406.000000000,4.457784596578328,18.09942231556854,-2.3522403238170657,1,
406.100000000,4.42491701858743,18.066293776590943,-2.3522403238170657,1,
406.200000000,4.394397124738739,18.035531561826033,-2.3522403238170657,1,
406.300000000,4.363877230890048,18.004769347061124,-2.3522403238170657,1,
406.400000000,4.335705021183564,17.9763734565089,-2.3522403238170657,1,
406.500000000,4.30753281147708,17.947977565956673,-2.3522403238170657,1,
406.600000000,4.2781867596994925,17.918398513298108,-2.3522403238170657,1,
406.700000000,4.248840707921905,17.888819460639542,-2.3522403238170657,1,
406.800000000,4.219494656144317,17.859240407980977,-2.3522403238170657,1,
406.900000000,4.190148604366729,17.82966135532241,-2.3522403238170657,1,
407.000000000,4.164324078802451,17.803631788982873,-2.3522403238170657,1,
407.100000000,4.138499553238174,17.777602222643335,-2.3522403238170657,1,
407.200000000,4.107979659389483,17.746840007878426,-2.3522403238170657,1,
407.300000000,4.077459765540792,17.716077793113516,-2.3522403238170657,1,
407.400000000,4.045766029620997,17.684132416242264,-2.3522403238170657,1,
407.500000000,4.014072293701202,17.65218703937101,-2.3522403238170657,1,
407.600000000,3.9812047157103034,17.619058500393415,-2.3522403238170657,1,
407.700000000,3.948337137719405,17.585929961415818,-2.3522403238170657,1,
407.800000000,3.917817243870714,17.55516774665091,-2.3522403238170657,1,
407.900000000,3.887297350022023,17.524405531886,-2.3522403238170657,1,
408.000000000,3.859125140315539,17.496009641333774,-2.3522403238170657,1,
408.100000000,3.8309529306090546,17.46761375078155,-2.3522403238170657,1,
408.200000000,3.806302247115881,17.442767346548354,-2.3522403238170657,1,
408.300000000,3.7816515636227077,17.41792094231516,-2.3522403238170657,1,
408.400000000,3.7487839856318095,17.384792403337563,-2.3522403238170657,1,
408.500000000,3.7159164076409112,17.351663864359967,-2.3522403238170657,1,
408.600000000,3.68539651379222,17.320901649595058,-2.3522403238170657,1,
408.700000000,3.654876619943529,17.29013943483015,-2.3522403238170657,1,
408.800000000,3.6231828840237346,17.258194057958896,-2.3522403238170657,1,
408.900000000,3.59148914810394,17.226248681087643,-2.3522403238170657,1,
409.000000000,3.5621430963263525,17.196669628429078,-2.3522403238170657,1,
409.100000000,3.532797044548765,17.167090575770512,-2.3522403238170657,1,
409.200000000,3.5034509927711777,17.137511523111947,-2.3522403238170657,1,
409.300000000,3.4741049409935902,17.10793247045338,-2.3522403238170657,1,
409.400000000,3.443585047144899,17.077170255688472,-2.3522403238170657,1,
409.500000000,3.413065153296208,17.046408040923563,-2.3522403238170657,1,
409.600000000,3.384892943589724,17.018012150371337,-2.3522403238170657,1,
409.700000000,3.3567207338832397,16.989616259819112,-2.3522403238170657,1,
409.800000000,3.303897840683582,16.93637396503369,-2.3410242993810457,1,
409.900000000,3.251675424346958,16.882542568693225,-2.3298082749450257,1,
410.000000000,3.200060054342912,16.82812884267354,-2.3185922505090057,1,
410.100000000,3.149058223775843,16.7731396321063,-2.3073762260729858,1,
410.200000000,3.0986763485681856,16.717581854517917,-2.2961602016369658,1,
410.300000000,3.048920766653303,16.661462498959327,-2.284944177200946,1,
410.400000000,2.9997977371781843,16.604788625126787,-2.273728152764926,1,
410.500000000,2.9513134397160607,16.54756736247378,-2.262512128328906,1,
410.600000000,2.9034739734890267,16.48980590931415,-2.2552161626098397,1,
410.700000000,2.8560572023737474,16.431696961491966,-2.2479201968907736,1,
410.800000000,2.8090656504066596,16.37324361219764,-2.2406242311717075,1,
410.900000000,2.76250181898941,16.314448972954374,-2.2333282654526414,1,
411.000000000,2.716368186755705,16.25531617345253,-2.2260322997335753,1,
411.100000000,2.6706672094393693,16.195848361383046,-2.218736334014509,1,
411.200000000,2.6254013197436263,16.136048702269864,-2.211440368295443,1,
411.300000000,2.5805729272116023,16.075920379301444,-2.204144402576377,1,
411.400000000,2.5361844180980646,16.015466593161307,-2.196848436857311,1,
411.500000000,2.4922381552423998,15.954690561857669,-2.189552471138245,1,
411.600000000,2.4487364779428367,15.893595520552138,-2.1822565054191787,1,
411.700000000,2.405681701831924,15.832184721387502,-2.1749605397001126,1,
411.800000000,2.363076118753267,15.770461433314622,-2.1822565054191787,1,
411.900000000,2.3200213426423546,15.709050634149987,-2.189552471138245,1,
412.000000000,2.2765196653427915,15.647955592844456,-2.196848436857311,1,
412.100000000,2.2325734024871267,15.587179561540818,-2.204144402576377,1,
412.200000000,2.188184893373589,15.526725775400681,-2.211440368295443,1,
412.300000000,2.143356500841565,15.46659745243226,-2.218736334014509,1,
412.400000000,2.098090611145822,15.406797793319079,-2.2260322997335753,1,
412.500000000,2.0523896338294865,15.347329981249592,-2.2333282654526414,1,
412.600000000,2.0062560015957813,15.288197181747748,-2.2406242311717075,1,
412.700000000,1.959692170178532,15.22940254250448,-2.2479201968907736,1,
412.800000000,1.912700618211444,15.170949193210154,-2.2578626433525217,1,
412.900000000,1.8651302291144138,15.112965936306482,-2.26780508981427,1,
413.000000000,1.816985705288302,15.055458503521171,-2.277747536276018,1,
413.100000000,1.7682718058880074,14.998432579546035,-2.287689982737766,1,
413.200000000,1.7189933463520166,14.941893801475054,-2.2963263854300724,1,
413.300000000,1.6692284389968546,14.885782715262684,-2.3049627881223786,1,
413.400000000,1.6189807956370617,14.830103506065829,-2.313599190814685,1,
413.500000000,1.5682541640930032,14.77486032682899,-2.322235593506991,1,
413.600000000,1.5170523279113302,14.72005729797451,-2.33058555191823,1,
413.700000000,1.4653946789672387,14.665683707826636,-2.3389355103294687,1,
413.800000000,1.4132848189043532,14.611743347388218,-2.346812829585354,1,
413.900000000,1.3607516745521784,14.558215142257898,-2.3546901488412395,1,
414.000000000,1.307798505688866,14.505102413959179,-2.362094828941772,1,
414.100000000,1.2544535093427513,14.452383239412976,-2.3694995090423046,1,
414.200000000,1.2007196103686062,14.400060509160854,-2.3754021370473786,1,
414.300000000,1.1466778076440984,14.34805585976981,-2.3813047650524526,1,
414.400000000,1.0995763605163418,14.303262404014854,-2.3874490740720433,1,
414.500000000,1.0522005793827862,14.258759197815913,-2.393593383091634,1,
414.600000000,1.0143262685041714,14.223616901079437,-2.402610659923998,1,
414.700000000,0.9761366138957096,14.188817551583636,-2.4116279367563616,1,
414.800000000,0.9388767173380375,14.155475384459834,-2.420354333690907,1,
414.900000000,0.9013272861497236,14.122459627351537,-2.4290807306254525,1,
415.000000000,0.8660135867984566,14.091951916590057,-2.437225367764362,1,
415.100000000,0.8304525872228475,14.061732831776627,-2.445370004903271,1,
415.200000000,0.7959254299553226,14.032873250854106,-2.4524973047095955,1,
415.300000000,0.761193460502239,14.004260486256639,-2.45962460451592,1,
415.400000000,0.7249645536544136,13.974845454616517,-2.464776652474723,1,
415.500000000,0.6885845806450135,13.945617465605757,-2.4699287004335266,1,
415.600000000,0.6298755339200972,13.898945762908602,-2.4934550631525942,1,
415.700000000,0.5700848197542528,13.853668058687447,-2.516981425871662,1,
415.800000000,0.5092455301681019,13.809809412531273,-2.5405077885907295,1,
415.900000000,0.44739133753123667,13.767394098631202,-2.564034151309797,1,
416.000000000,0.38455647592576864,13.726445592345604,-2.5875605140288647,1,
416.100000000,0.32077572219898925,13.686986557207325,-2.6110868767479323,1,
416.200000000,0.25608437671562945,13.649038832380235,-2.634613239467,1,
416.300000000,0.19051824382037097,13.612623420572028,-2.6581396021860675,1,
416.400000000,0.12411361202142299,13.57776047640998,-2.6796201056821825,1,
416.500000000,0.05697548357600596,13.544331870264244,-2.7011006091782974,1,
416.600000000,-0.010865164366843635,13.512353025902787,-2.7215306915889426,1,
416.700000000,-0.07934493983479204,13.481766748720702,-2.7419607739995877,1,
416.800000000,-0.14843526116716943,13.452585804627187,-2.762390856410233,1,
416.900000000,-0.21810729187748917,13.424822372982302,-2.782820938820878,1,
417.000000000,-0.2883319526890402,13.398488041513616,-2.803251021231523,1,
417.100000000,-0.359079933671814,13.373593801479803,-2.8236811036421683,1,
417.200000000,-0.4303217064756998,13.350150043083174,-2.8441111860528134,1,
417.300000000,-0.5020275366548428,13.328166551133078,-2.8645412684634586,1,
417.400000000,-0.5741674960780214,13.307652500961986,-2.8849713508741037,1,
417.500000000,-0.6467114754198637,13.288616454595937,-2.905401433284749,1,
417.600000000,-0.7069939536884011,13.274107452572117,-2.943397495297522,1,
417.700000000,-0.767784074564806,13.261898868307103,-2.9813935573102954,1,
417.800000000,-0.8418237403758408,13.24993526155202,-2.9740975915912293,1,
417.900000000,-0.9157741502982313,13.237431787142464,-2.9668016258721632,1,
418.000000000,-0.9879900963846433,13.22467894790478,-2.954002910368163,1,
418.100000000,-1.0600369123035644,13.211002907040447,-2.941204194864163,1,
418.200000000,-1.1253695342410317,13.197732904959798,-2.9284868480644737,1,
418.300000000,-1.190528118427917,13.18363314073464,-2.9157695012647844,1,
418.400000000,-1.257126477059689,13.168332713551116,-2.9049465645218473,1,
418.500000000,-1.3235553428755071,13.152312406722954,-2.89412362777891,1,
418.600000000,-1.3849592572887008,13.136798851171493,-2.8830701916618193,1,
418.700000000,-1.4461879460191063,13.12060753289699,-2.8720167555447285,1,
418.800000000,-1.5100413863018824,13.102964724966776,-2.83826274038614,1,
418.900000000,-1.5732630523241509,13.083177065858704,-2.804508725227551,1,
419.000000000,-1.6357809203600437,13.061267098176046,-2.7707547100689625,1,
419.100000000,-1.6975237684682147,13.037259782309839,-2.737000694910374,1,
419.200000000,-1.7584212576296814,13.011182468003385,-2.703246679751785,1,
419.300000000,-1.8184040118798201,12.983064863194725,-2.6694926645931965,1,
419.400000000,-1.8774036973432253,12.952939000172602,-2.635738649434608,1,
419.500000000,-1.9353531000813935,12.920839199084464,-2.601984634276019,1,
419.600000000,-1.9921862026645476,12.886802028838082,-2.5682306191174304,1,
419.700000000,-2.0478382593803675,12.850866265441326,-2.534476603958842,1,
419.800000000,-2.102245869993949,12.813072847827549,-2.500722588800253,1,
419.900000000,-2.1553470519749576,12.773464831216915,-2.4669685736416644,1,
420.000000000,-2.211314548171634,12.728701559658793,-2.450949175719611,1,
420.100000000,-2.266557813311284,12.683047504331567,-2.4349297777975574,1,
420.200000000,-2.317260006611544,12.639760877771074,-2.4200280122886704,1,
420.300000000,-2.367311547199693,12.595723533060053,-2.4051262467797834,1,
420.400000000,-2.4129970876924767,12.55430362036507,-2.391342113684063,1,
420.500000000,-2.4581073685648582,12.512257926918624,-2.3775579805883424,1,
420.600000000,-2.500226983741349,12.471900575727519,-2.364518935768066,1,
420.700000000,-2.541816812049726,12.430997471211388,-2.3514798909477896,1,
420.800000000,-2.5863886086745604,12.386003404305345,-2.34948956076732,1,
420.900000000,-2.6308707640255706,12.340920713985891,-2.34749923058685,1,
421.000000000,-2.6717584436380712,12.29931572109221,-2.3456660317364175,1,
421.100000000,-2.712569784364229,12.257635842902474,-2.343832832885985,1,
421.200000000,-2.7509769424991246,12.21826719796769,-2.342104388255577,1,
421.300000000,-2.7893159967738796,12.178832227227021,-2.340375943625169,1,
421.400000000,-2.825267388051258,12.141725059325585,-2.338752253214786,1,
421.500000000,-2.8611584814118483,12.104559566434654,-2.337128562804403,1,
421.600000000,-2.8981450112922107,12.066135081378201,-2.337966389754041,1,
421.700000000,-2.9351637212564925,12.02774159811574,-2.3388042167036787,1,
421.800000000,-2.9698989063153407,11.991776797005105,-2.3395896794689643,1,
421.900000000,-3.0046623296684514,11.955839290180446,-2.34037514223425,1,
422.000000000,-3.0359748058484683,11.923520118850169,-2.341082058723007,1,
422.100000000,-3.067310121157793,11.891223090899206,-2.341788975211764,1,
422.200000000,-3.0975068473898144,11.860143587964858,-2.342469709608345,1,
422.300000000,-3.127724723510307,11.829084648180244,-2.343150444004926,1,
422.400000000,-3.1556376576697107,11.800433852264375,-2.3437788142171545,1,
422.500000000,-3.1835685896239414,11.771800601660084,-2.3444071844293832,1,
422.600000000,-3.2091884317844492,11.745569548838759,-2.3449831904572593,1,
422.700000000,-3.2348233789385508,11.719353257551644,-2.3455591964851354,1,
422.800000000,-3.258141600431694,11.695533692956383,-2.3460828383286594,1,
422.900000000,-3.2814722916480465,11.671726342022726,-2.3466064801721833,1,
423.000000000,-3.3036482884632017,11.64912096781587,-2.3471039399235307,1,
423.100000000,-3.32583552779782,11.626526628071453,-2.347601399674878,1,
423.200000000,-3.3468656633000737,11.605131923101371,-2.3480726773340495,1,
423.300000000,-3.367905879313007,11.583747131539864,-2.3485439549932208,1,
423.400000000,-3.3877867105051696,11.563559751103401,-2.348989050560216,1,
423.500000000,-3.407676525041281,11.543381221536139,-2.3494341461272112,1,
423.600000000,-3.425234284399829,11.525584449741588,-2.349826877509854,1,
423.700000000,-3.4427990317549546,11.507794574802437,-2.3502196088924965,1,
423.800000000,-3.4591993155546703,11.491197131151885,-2.3502196088924965,1,
423.900000000,-3.475599599354386,11.474599687501334,-2.3502196088924965,1,
424.000000000,-3.4919998831541017,11.458002243850782,-2.3502196088924965,1,
424.100000000,-3.5084001669538174,11.44140480020023,-2.3502196088924965,1,
424.200000000,-3.523629001910696,11.425992888239003,-2.3502196088924965,1,
424.300000000,-3.538857836867575,11.410580976277776,-2.3502196088924965,1,
424.400000000,-3.5529152229816168,11.396354596005875,-2.3502196088924965,1,
424.500000000,-3.5669726090956586,11.382128215733973,-2.3502196088924965,1,
424.600000000,-3.5810299952097004,11.367901835462071,-2.3502196088924965,1,
424.700000000,-3.5950873813237423,11.353675455190169,-2.3502196088924965,1,
424.800000000,-3.6079733185949476,11.340634606607592,-2.3502196088924965,1,
424.900000000,-3.620859255866153,11.327593758025015,-2.3502196088924965,1,
425.000000000,-3.634916641980195,11.313367377753114,-2.3502196088924965,1,
425.100000000,-3.6489740280942367,11.299140997481212,-2.3502196088924965,1,
425.200000000,-3.6642028630511154,11.283729085519985,-2.3502196088924965,1,
425.300000000,-3.679431698007994,11.268317173558758,-2.3502196088924965,1,
425.400000000,-3.693489084122036,11.254090793286856,-2.3502196088924965,1,
425.500000000,-3.707546470236078,11.239864413014955,-2.3502196088924965,1,
425.600000000,-3.7216038563501197,11.225638032743053,-2.3502196088924965,1,
425.700000000,-3.7356612424641615,11.211411652471151,-2.3502196088924965,1,
425.800000000,-3.748547179735367,11.198370803888574,-2.3502196088924965,1,
425.900000000,-3.7614331170065722,11.185329955305997,-2.3502196088924965,1,
426.000000000,-3.775490503120614,11.171103575034095,-2.3502196088924965,1,
426.100000000,-3.789547889234656,11.156877194762194,-2.3502196088924965,1,
426.200000000,-3.8047767241915347,11.141465282800967,-2.3502196088924965,1,
426.300000000,-3.8200055591484134,11.12605337083974,-2.3502196088924965,1,
426.400000000,-3.8340629452624553,11.111826990567838,-2.3502196088924965,1,
426.500000000,-3.848120331376497,11.097600610295936,-2.3502196088924965,1,
426.600000000,-3.862177717490539,11.083374230024035,-2.3502196088924965,1,
426.700000000,-3.876235103604581,11.069147849752133,-2.3502196088924965,1,
426.800000000,-3.889121040875786,11.056107001169556,-2.3502196088924965,1,
426.900000000,-3.9020069781469915,11.043066152586979,-2.3502196088924965,1,
427.000000000,-3.9160643642610333,11.028839772315077,-2.3502196088924965,1,
427.100000000,-3.930121750375075,11.014613392043175,-2.3502196088924965,1,
427.200000000,-3.945350585331954,10.999201480081949,-2.3502196088924965,1,
427.300000000,-3.9605794202888327,10.983789568120722,-2.3502196088924965,1,
427.400000000,-3.9746368064028745,10.96956318784882,-2.3502196088924965,1,
427.500000000,-3.9886941925169164,10.955336807576918,-2.3502196088924965,1,
427.600000000,-4.002751578630958,10.941110427305016,-2.3502196088924965,1,
427.700000000,-4.0168089647450005,10.926884047033115,-2.3502196088924965,1,
427.800000000,-4.029694902016206,10.913843198450538,-2.3502196088924965,1,
427.900000000,-4.042580839287411,10.900802349867961,-2.3502196088924965,1,
428.000000000,-4.0566382254014535,10.886575969596059,-2.3502196088924965,1,
428.100000000,-4.070695611515496,10.872349589324157,-2.3502196088924965,1,
428.200000000,-4.085924446472375,10.85693767736293,-2.3502196088924965,1,
428.300000000,-4.101153281429254,10.841525765401704,-2.3502196088924965,1,
428.400000000,-4.1152106675432965,10.827299385129802,-2.3502196088924965,1,
428.500000000,-4.129268053657339,10.8130730048579,-2.3502196088924965,1,
428.600000000,-4.143325439771381,10.798846624585998,-2.3502196088924965,1,
428.700000000,-4.157382825885423,10.784620244314096,-2.3502196088924965,1,
428.800000000,-4.170268763156629,10.77157939573152,-2.3502196088924965,1,
428.900000000,-4.183154700427834,10.758538547148943,-2.3502196088924965,1,
429.000000000,-4.197212086541876,10.744312166877041,-2.3502196088924965,1,
429.100000000,-4.2112694726559186,10.73008578660514,-2.3502196088924965,1,
429.200000000,-4.226498307612798,10.714673874643912,-2.3502196088924965,1,
429.300000000,-4.241727142569677,10.699261962682685,-2.3502196088924965,1,
429.400000000,-4.255784528683719,10.685035582410784,-2.3502196088924965,1,
429.500000000,-4.2698419147977615,10.670809202138882,-2.3502196088924965,1,
429.600000000,-4.283899300911804,10.65658282186698,-2.3502196088924965,1,
429.700000000,-4.297956687025846,10.642356441595078,-2.3502196088924965,1,
429.800000000,-4.312014073139888,10.628130061323176,-2.3502196088924965,1,
429.900000000,-4.326071459253931,10.613903681051275,-2.3502196088924965,1,
430.000000000,-4.340128845367973,10.599677300779373,-2.3502196088924965,1,
430.100000000,-4.354186231482015,10.585450920507471,-2.3502196088924965,1,
430.200000000,-4.369415066438894,10.570039008546244,-2.3502196088924965,1,
430.300000000,-4.384643901395774,10.554627096585017,-2.3502196088924965,1,
430.400000000,-4.398701287509816,10.540400716313115,-2.3502196088924965,1,
430.500000000,-4.412758673623858,10.526174336041214,-2.3502196088924965,1,
430.600000000,-4.4268160597379005,10.511947955769312,-2.3502196088924965,1,
430.700000000,-4.440873445851943,10.49772157549741,-2.3502196088924965,1,
430.800000000,-4.453759383123148,10.484680726914833,-2.3502196088924965,1,
430.900000000,-4.4666453203943535,10.471639878332256,-2.3502196088924965,1,
431.000000000,-4.480702706508396,10.457413498060355,-2.3502196088924965,1,
431.100000000,-4.494760092622438,10.443187117788453,-2.3502196088924965,1,
431.200000000,-4.507646029893643,10.430146269205876,-2.3502196088924965,1,
431.300000000,-4.520531967164849,10.4171054206233,-2.3502196088924965,1,
431.400000000,-4.534589353278891,10.402879040351397,-2.3502196088924965,1,
431.500000000,-4.548646739392933,10.388652660079496,-2.3502196088924965,1,
431.600000000,-4.562704125506976,10.374426279807594,-2.3502196088924965,1,
431.700000000,-4.576761511621018,10.360199899535692,-2.3502196088924965,1,
431.800000000,-4.59081889773506,10.34597351926379,-2.3502196088924965,1,
431.900000000,-4.604876283849102,10.331747138991888,-2.3502196088924965,1,
432.000000000,-4.618933669963145,10.317520758719986,-2.3502196088924965,1,
432.100000000,-4.632991056077187,10.303294378448085,-2.3502196088924965,1,
432.200000000,-4.645876993348392,10.290253529865508,-2.3502196088924965,1,
432.300000000,-4.658762930619598,10.277212681282931,-2.3502196088924965,1,
432.400000000,-4.67282031673364,10.26298630101103,-2.3502196088924965,1,
432.500000000,-4.686877702847682,10.248759920739127,-2.3502196088924965,1,
432.600000000,-4.699763640118888,10.23571907215655,-2.3502196088924965,1,
432.700000000,-4.712649577390093,10.222678223573974,-2.3502196088924965,1,
432.800000000,-4.726706963504135,10.208451843302072,-2.3502196088924965,1,
432.900000000,-4.7407643496181775,10.19422546303017,-2.3502196088924965,1,
433.000000000,-4.75482173573222,10.179999082758268,-2.3502196088924965,1,
433.100000000,-4.768879121846262,10.165772702486366,-2.3502196088924965,1,
433.200000000,-4.781765059117467,10.15273185390379,-2.3502196088924965,1,
433.300000000,-4.794650996388673,10.139691005321213,-2.3502196088924965,1,
433.400000000,-4.808708382502715,10.125464625049311,-2.3502196088924965,1,
433.500000000,-4.822765768616757,10.11123824477741,-2.3502196088924965,1,
433.600000000,-4.835651705887963,10.098197396194832,-2.3502196088924965,1,
433.700000000,-4.848537643159168,10.085156547612256,-2.3502196088924965,1,
433.800000000,-4.863766478116047,10.069744635651029,-2.3502196088924965,1,
433.900000000,-4.878995313072926,10.054332723689802,-2.3502196088924965,1,
434.000000000,-4.893052699186969,10.0401063434179,-2.3502196088924965,1,
434.100000000,-4.907110085301011,10.025879963145998,-2.3502196088924965,1,
434.200000000,-4.92233892025789,10.010468051184771,-2.3502196088924965,1,
434.300000000,-4.937567755214769,9.995056139223545,-2.3502196088924965,1,
434.400000000,-4.951625141328812,9.980829758951643,-2.3502196088924965,1,
434.500000000,-4.965682527442854,9.966603378679741,-2.3502196088924965,1,
434.600000000,-4.978568464714059,9.953562530097164,-2.3502196088924965,1,
434.700000000,-4.991454401985265,9.940521681514587,-2.3502196088924965,1,
434.800000000,-5.006683236942144,9.92510976955336,-2.3502196088924965,1,
434.900000000,-5.021912071899023,9.909697857592134,-2.3502196088924965,1,
435.000000000,-5.035969458013065,9.895471477320232,-2.3502196088924965,1,
435.100000000,-5.050026844127108,9.88124509704833,-2.3502196088924965,1,
435.200000000,-5.065255679083987,9.865833185087103,-2.3502196088924965,1,
435.300000000,-5.080484514040866,9.850421273125876,-2.3502196088924965,1,
435.400000000,-5.094541900154908,9.836194892853975,-2.3502196088924965,1,
435.500000000,-5.108599286268951,9.821968512582073,-2.3502196088924965,1,
435.600000000,-5.121485223540156,9.808927663999496,-2.3502196088924965,1,
435.700000000,-5.134371160811361,9.79588681541692,-2.3502196088924965,1,
435.800000000,-5.147257098082567,9.782845966834342,-2.3502196088924965,1,
435.900000000,-5.160143035353772,9.769805118251766,-2.3502196088924965,1,
436.000000000,-5.173028972624977,9.756764269669189,-2.3502196088924965,1,
436.100000000,-5.185914909896183,9.743723421086612,-2.3502196088924965,1,
436.200000000,-5.199972296010225,9.72949704081471,-2.3502196088924965,1,
436.300000000,-5.214029682124267,9.715270660542808,-2.3502196088924965,1,
436.400000000,-5.22808706823831,9.701044280270906,-2.3502196088924965,1,
436.500000000,-5.242144454352352,9.686817899999005,-2.3502196088924965,1,
436.600000000,-5.255030391623557,9.673777051416428,-2.3502196088924965,1,
436.700000000,-5.267916328894763,9.660736202833851,-2.3502196088924965,1,
436.800000000,-5.283145163851642,9.645324290872624,-2.3502196088924965,1,
436.900000000,-5.298373998808521,9.629912378911397,-2.3502196088924965,1,
437.000000000,-5.3136028337654,9.61450046695017,-2.3502196088924965,1,
437.100000000,-5.328831668722279,9.599088554988944,-2.3502196088924965,1,
437.200000000,-5.345231952521995,9.582491111338392,-2.3502196088924965,1,
437.300000000,-5.36163223632171,9.56589366768784,-2.3502196088924965,1,
437.400000000,-5.376861071278589,9.550481755726613,-2.3502196088924965,1,
437.500000000,-5.392089906235468,9.535069843765386,-2.3502196088924965,1,
437.600000000,-5.407318741192348,9.51965793180416,-2.3502196088924965,1,
437.700000000,-5.422547576149227,9.504246019842933,-2.3502196088924965,1,
437.800000000,-5.436604962263269,9.490019639571031,-2.3502196088924965,1,
437.900000000,-5.450662348377311,9.47579325929913,-2.3502196088924965,1,
438.000000000,-5.464719734491354,9.461566879027227,-2.3502196088924965,1,
438.100000000,-5.478777120605396,9.447340498755326,-2.3502196088924965,1,
438.200000000,-5.491663057876601,9.434299650172749,-2.3502196088924965,1,
438.300000000,-5.504548995147807,9.421258801590172,-2.3502196088924965,1,
438.400000000,-5.519777830104686,9.405846889628945,-2.3502196088924965,1,
438.500000000,-5.535006665061565,9.390434977667718,-2.3502196088924965,1,
438.600000000,-5.549064051175607,9.376208597395816,-2.3502196088924965,1,
438.700000000,-5.56312143728965,9.361982217123915,-2.3502196088924965,1,
438.800000000,-5.578350272246529,9.346570305162688,-2.3502196088924965,1,
438.900000000,-5.593579107203408,9.331158393201461,-2.3502196088924965,1,
439.000000000,-5.60763649331745,9.31693201292956,-2.3502196088924965,1,
439.100000000,-5.621693879431493,9.302705632657657,-2.3502196088924965,1,
439.200000000,-5.634579816702698,9.28966478407508,-2.3502196088924965,1,
439.300000000,-5.647465753973903,9.276623935492504,-2.3502196088924965,1,
439.400000000,-5.6626945889307825,9.261212023531277,-2.3502196088924965,1,
439.500000000,-5.677923423887662,9.24580011157005,-2.3502196088924965,1,
439.600000000,-5.691980810001704,9.231573731298148,-2.3502196088924965,1,
439.700000000,-5.706038196115746,9.217347351026246,-2.3502196088924965,1,
439.800000000,-5.7212670310726255,9.20193543906502,-2.3502196088924965,1,
439.900000000,-5.736495866029505,9.186523527103793,-2.3502196088924965,1,
440.000000000,-5.750553252143547,9.172297146831891,-2.3502196088924965,1,
440.100000000,-5.764610638257589,9.15807076655999,-2.3502196088924965,1,
440.200000000,-5.7798394732144684,9.142658854598762,-2.3502196088924965,1,
440.300000000,-5.795068308171348,9.127246942637536,-2.3502196088924965,1,
440.400000000,-5.810297143128227,9.111835030676309,-2.3502196088924965,1,
440.500000000,-5.825525978085106,9.096423118715082,-2.3502196088924965,1,
440.600000000,-5.839583364199148,9.08219673844318,-2.3502196088924965,1,
440.700000000,-5.853640750313191,9.067970358171278,-2.3502196088924965,1,
440.800000000,-5.866526687584396,9.054929509588701,-2.3502196088924965,1,
440.900000000,-5.879412624855601,9.041888661006125,-2.3502196088924965,1,
441.000000000,-5.893470010969644,9.027662280734223,-2.3502196088924965,1,
441.100000000,-5.907527397083686,9.013435900462321,-2.3502196088924965,1,
441.200000000,-5.922756232040565,8.998023988501094,-2.3502196088924965,1,
441.300000000,-5.937985066997444,8.982612076539867,-2.3502196088924965,1,
441.400000000,-5.9532139019543235,8.96720016457864,-2.3502196088924965,1,
441.500000000,-5.968442736911203,8.951788252617414,-2.3502196088924965,1,
441.600000000,-5.982500123025245,8.937561872345512,-2.3502196088924965,1,
441.700000000,-5.996557509139287,8.92333549207361,-2.3502196088924965,1,
441.800000000,-6.0117863440961665,8.907923580112383,-2.3502196088924965,1,
441.900000000,-6.027015179053046,8.892511668151156,-2.3502196088924965,1,
442.000000000,-6.041072565167088,8.878285287879255,-2.3502196088924965,1,
442.100000000,-6.05512995128113,8.864058907607353,-2.3502196088924965,1,
442.200000000,-6.069187337395173,8.849832527335451,-2.3502196088924965,1,
442.300000000,-6.083244723509215,8.83560614706355,-2.3502196088924965,1,
442.400000000,-6.098473558466094,8.820194235102322,-2.3502196088924965,1,
442.500000000,-6.113702393422973,8.804782323141096,-2.3502196088924965,1,
442.600000000,-6.127759779537016,8.790555942869194,-2.3502196088924965,1,
442.700000000,-6.141817165651058,8.776329562597292,-2.3502196088924965,1,
442.800000000,-6.158217449450773,8.75973211894674,-2.3502196088924965,1,
442.900000000,-6.174617733250488,8.743134675296188,-2.3502196088924965,1,
443.000000000,-6.189846568207368,8.727722763334961,-2.3502196088924965,1,
443.100000000,-6.205075403164247,8.712310851373735,-2.3502196088924965,1,
443.200000000,-6.219132789278289,8.698084471101833,-2.3502196088924965,1,
443.300000000,-6.233190175392331,8.683858090829931,-2.3502196088924965,1,
443.400000000,-6.246076112663537,8.670817242247354,-2.3502196088924965,1,
443.500000000,-6.258962049934742,8.657776393664777,-2.3502196088924965,1,
443.600000000,-6.273019436048784,8.643550013392876,-2.3502196088924965,1,
443.700000000,-6.287076822162827,8.629323633120974,-2.3502196088924965,1,
443.800000000,-6.303477105962542,8.612726189470422,-2.3502196088924965,1,
443.900000000,-6.319877389762257,8.59612874581987,-2.3502196088924965,1,
444.000000000,-6.335106224719136,8.580716833858643,-2.3502196088924965,1,
444.100000000,-6.3503350596760155,8.565304921897416,-2.3502196088924965,1,
444.200000000,-6.364392445790058,8.551078541625515,-2.3502196088924965,1,
444.300000000,-6.3784498319041,8.536852161353613,-2.3502196088924965,1,
444.400000000,-6.394850115703815,8.520254717703061,-2.3502196088924965,1,
444.500000000,-6.411250399503531,8.50365727405251,-2.3502196088924965,1,
444.600000000,-6.42647923446041,8.488245362091282,-2.3502196088924965,1,
444.700000000,-6.441708069417289,8.472833450130056,-2.3502196088924965,1,
444.800000000,-6.455765455531331,8.458607069858154,-2.3502196088924965,1,
444.900000000,-6.469822841645374,8.444380689586252,-2.3502196088924965,1,
445.000000000,-6.485051676602253,8.428968777625025,-2.3502196088924965,1,
445.100000000,-6.500280511559132,8.413556865663798,-2.3502196088924965,1,
445.200000000,-6.514337897673174,8.399330485391896,-2.3502196088924965,1,
445.300000000,-6.528395283787217,8.385104105119995,-2.3502196088924965,1,
445.400000000,-6.544795567586932,8.368506661469443,-2.3502196088924965,1,
445.500000000,-6.561195851386647,8.351909217818891,-2.3502196088924965,1,
445.600000000,-6.576424686343526,8.336497305857664,-2.3502196088924965,1,
445.700000000,-6.5916535213004055,8.321085393896437,-2.3502196088924965,1,
445.800000000,-6.606882356257285,8.30567348193521,-2.3502196088924965,1,
445.900000000,-6.622111191214164,8.290261569973984,-2.3502196088924965,1,
446.000000000,-6.637340026171043,8.274849658012757,-2.3502196088924965,1,
446.100000000,-6.652568861127922,8.25943774605153,-2.3502196088924965,1,
446.200000000,-6.6677976960848016,8.244025834090303,-2.3502196088924965,1,
446.300000000,-6.683026531041681,8.228613922129076,-2.3502196088924965,1,
446.400000000,-6.69825536599856,8.21320201016785,-2.3502196088924965,1,
446.500000000,-6.713484200955439,8.197790098206623,-2.3502196088924965,1,
446.600000000,-6.7275415870694815,8.183563717934721,-2.3502196088924965,1,
446.700000000,-6.741598973183524,8.169337337662819,-2.3502196088924965,1,
446.800000000,-6.756827808140403,8.153925425701592,-2.3502196088924965,1,
446.900000000,-6.772056643097282,8.138513513740365,-2.3502196088924965,1,
447.000000000,-6.7861140292113244,8.124287133468464,-2.3502196088924965,1,
447.100000000,-6.800171415325367,8.110060753196562,-2.3502196088924965,1,
447.200000000,-6.816571699125082,8.09346330954601,-2.3502196088924965,1,
447.300000000,-6.832971982924797,8.076865865895458,-2.3502196088924965,1,
447.400000000,-6.8482008178816764,8.061453953934231,-2.3502196088924965,1,
447.500000000,-6.863429652838556,8.046042041973005,-2.3502196088924965,1,
447.600000000,-6.877487038952598,8.031815661701103,-2.3502196088924965,1,
447.700000000,-6.89154442506664,8.017589281429201,-2.3502196088924965,1,
447.800000000,-6.904430362337846,8.004548432846624,-2.3502196088924965,1,
447.900000000,-6.917316299609051,7.991507584264048,-2.3502196088924965,1,
448.000000000,-6.93254513456593,7.976095672302822,-2.3502196088924965,1,
448.100000000,-6.947773969522809,7.960683760341596,-2.3502196088924965,1,
448.200000000,-6.961831355636852,7.946457380069695,-2.3502196088924965,1,
448.300000000,-6.975888741750894,7.9322309997977944,-2.3502196088924965,1,
448.400000000,-6.989946127864936,7.9180046195258935,-2.3502196088924965,1,
448.500000000,-7.0040035139789785,7.903778239253993,-2.3502196088924965,1,
448.600000000,-7.018060900093021,7.889551858982092,-2.3502196088924965,1,
448.700000000,-7.032118286207063,7.875325478710191,-2.3502196088924965,1,
448.800000000,-7.045004223478268,7.862284630127615,-2.3502196088924965,1,
448.900000000,-7.057890160749474,7.849243781545039,-2.3502196088924965,1,
449.000000000,-7.073118995706353,7.833831869583813,-2.3502196088924965,1,
449.100000000,-7.088347830663232,7.818419957622587,-2.3502196088924965,1,
449.200000000,-7.102405216777274,7.804193577350686,-2.3502196088924965,1,
449.300000000,-7.116462602891317,7.789967197078785,-2.3502196088924965,1,
449.400000000,-7.130519989005359,7.775740816806884,-2.3502196088924965,1,
449.500000000,-7.144577375119401,7.761514436534983,-2.3502196088924965,1,
449.600000000,-7.1609776589191165,7.7449169928844315,-2.3502196088924965,1,
449.700000000,-7.177377942718832,7.72831954923388,-2.3502196088924965,1,
449.800000000,-7.192606777675711,7.712907637272654,-2.3502196088924965,1,
449.900000000,-7.20783561263259,7.697495725311428,-2.3502196088924965,1,
450.000000000,-7.2218929987466325,7.683269345039527,-2.3502196088924965,1,
450.100000000,-7.235950384860675,7.669042964767626,-2.3502196088924965,1,
450.200000000,-7.250007770974717,7.654816584495725,-2.3502196088924965,1,
450.300000000,-7.264065157088759,7.640590204223824,-2.3502196088924965,1,
450.400000000,-7.276951094359965,7.627549355641248,-2.3502196088924965,1,
450.500000000,-7.28983703163117,7.614508507058672,-2.3502196088924965,1,
450.600000000,-7.305065866588049,7.599096595097446,-2.3502196088924965,1,
450.700000000,-7.3202947015449285,7.58368468313622,-2.3502196088924965,1,
450.800000000,-7.335523536501808,7.568272771174994,-2.3502196088924965,1,
450.900000000,-7.350752371458687,7.5528608592137685,-2.3502196088924965,1,
451.000000000,-7.364809757572729,7.538634478941868,-2.3502196088924965,1,
451.100000000,-7.378867143686771,7.524408098669967,-2.3502196088924965,1,
451.200000000,-7.392924529800814,7.510181718398066,-2.3502196088924965,1,
451.300000000,-7.406981915914856,7.495955338126165,-2.3502196088924965,1,
451.400000000,-7.419867853186061,7.482914489543589,-2.3502196088924965,1,
451.500000000,-7.432753790457267,7.469873640961013,-2.3502196088924965,1,
451.600000000,-7.447982625414146,7.454461728999787,-2.3502196088924965,1,
451.700000000,-7.463211460371025,7.439049817038561,-2.3502196088924965,1,
451.800000000,-7.478440295327904,7.423637905077335,-2.3502196088924965,1,
451.900000000,-7.4936691302847835,7.408225993116109,-2.3502196088924965,1,
452.000000000,-7.507726516398826,7.393999612844208,-2.3502196088924965,1,
452.100000000,-7.521783902512868,7.379773232572307,-2.3502196088924965,1,
452.200000000,-7.53584128862691,7.365546852300406,-2.3502196088924965,1,
452.300000000,-7.549898674740953,7.3513204720285055,-2.3502196088924965,1,
452.400000000,-7.562784612012158,7.3382796234459295,-2.3502196088924965,1,
452.500000000,-7.575670549283363,7.325238774863354,-2.3502196088924965,1,
452.600000000,-7.589727935397406,7.311012394591453,-2.3502196088924965,1,
452.700000000,-7.603785321511448,7.296786014319552,-2.3502196088924965,1,
452.800000000,-7.619014156468327,7.281374102358326,-2.3502196088924965,1,
452.900000000,-7.634242991425206,7.2659621903971,-2.3502196088924965,1,
453.000000000,-7.648300377539249,7.251735810125199,-2.3502196088924965,1,
453.100000000,-7.662357763653291,7.237509429853298,-2.3502196088924965,1,
453.200000000,-7.676415149767333,7.223283049581397,-2.3502196088924965,1,
453.300000000,-7.6904725358813755,7.209056669309496,-2.3502196088924965,1,
453.400000000,-7.703358473152581,7.19601582072692,-2.3502196088924965,1,
453.500000000,-7.716244410423786,7.182974972144344,-2.3502196088924965,1,
453.600000000,-7.7303017965378285,7.168748591872443,-2.3502196088924965,1,
453.700000000,-7.744359182651871,7.1545222116005425,-2.3502196088924965,1,
453.800000000,-7.75958801760875,7.1391102996393165,-2.3502196088924965,1,
453.900000000,-7.774816852565629,7.123698387678091,-2.3502196088924965,1,
454.000000000,-7.788874238679671,7.10947200740619,-2.3502196088924965,1,
454.100000000,-7.802931624793714,7.095245627134289,-2.3502196088924965,1,
454.200000000,-7.816989010907756,7.081019246862388,-2.3502196088924965,1,
454.300000000,-7.831046397021798,7.066792866590487,-2.3502196088924965,1,
454.400000000,-7.843932334293004,7.053752018007911,-2.3502196088924965,1,
454.500000000,-7.856818271564209,7.040711169425335,-2.3502196088924965,1,
454.600000000,-7.870875657678251,7.026484789153434,-2.3502196088924965,1,
454.700000000,-7.8849330437922935,7.012258408881533,-2.3502196088924965,1,
454.800000000,-7.900161878749173,6.996846496920307,-2.3502196088924965,1,
454.900000000,-7.915390713706052,6.981434584959081,-2.3502196088924965,1,
455.000000000,-7.929448099820094,6.96720820468718,-2.3502196088924965,1,
455.100000000,-7.9435054859341365,6.9529818244152795,-2.3502196088924965,1,
455.200000000,-7.957562872048179,6.9387554441433785,-2.3502196088924965,1,
455.300000000,-7.971620258162221,6.924529063871478,-2.3502196088924965,1,
455.400000000,-7.984506195433426,6.911488215288902,-2.3502196088924965,1,
455.500000000,-7.997392132704632,6.898447366706326,-2.3502196088924965,1,
455.600000000,-8.010278069975836,6.88540651812375,-2.3502196088924965,1,
455.700000000,-8.023164007247042,6.872365669541174,-2.3502196088924965,1,
455.800000000,-8.03839284220392,6.856953757579948,-2.3502196088924965,1,
455.900000000,-8.0536216771608,6.841541845618722,-2.3502196088924965,1,
456.000000000,-8.067679063274841,6.827315465346821,-2.3502196088924965,1,
456.100000000,-8.081736449388883,6.81308908507492,-2.3502196088924965,1,
456.200000000,-8.095793835502924,6.798862704803019,-2.3502196088924965,1,
456.300000000,-8.109851221616966,6.784636324531118,-2.3502196088924965,1,
456.400000000,-8.122737158888171,6.771595475948542,-2.3502196088924965,1,
456.500000000,-8.135623096159376,6.7585546273659665,-2.3502196088924965,1,
456.600000000,-8.149680482273418,6.7443282470940655,-2.3502196088924965,1,
456.700000000,-8.163737868387459,6.730101866822165,-2.3502196088924965,1,
456.800000000,-8.178966703344338,6.714689954860939,-2.3502196088924965,1,
456.900000000,-8.194195538301217,6.699278042899713,-2.3502196088924965,1,
457.000000000,-8.208252924415259,6.685051662627812,-2.3502196088924965,1,
457.100000000,-8.2223103105293,6.670825282355911,-2.3502196088924965,1,
457.200000000,-8.236367696643342,6.65659890208401,-2.3502196088924965,1,
457.300000000,-8.250425082757383,6.642372521812109,-2.3502196088924965,1,
457.400000000,-8.264482468871424,6.628146141540208,-2.3502196088924965,1,
457.500000000,-8.278539854985466,6.613919761268307,-2.3502196088924965,1,
457.600000000,-8.292597241099507,6.599693380996406,-2.3502196088924965,1,
457.700000000,-8.306654627213549,6.585467000724505,-2.3502196088924965,1,
457.800000000,-8.321883462170428,6.570055088763279,-2.3502196088924965,1,
457.900000000,-8.337112297127307,6.554643176802053,-2.3502196088924965,1,
458.000000000,-8.351169683241348,6.5404167965301525,-2.3502196088924965,1,
458.100000000,-8.36522706935539,6.526190416258252,-2.3502196088924965,1,
458.200000000,-8.379284455469431,6.511964035986351,-2.3502196088924965,1,
458.300000000,-8.393341841583473,6.49773765571445,-2.3502196088924965,1,
458.400000000,-8.407399227697514,6.483511275442549,-2.3502196088924965,1,
458.500000000,-8.421456613811555,6.469284895170648,-2.3502196088924965,1,
458.600000000,-8.43434255108276,6.456244046588072,-2.3502196088924965,1,
458.700000000,-8.447228488353966,6.443203198005496,-2.3502196088924965,1,
458.800000000,-8.460114425625171,6.43016234942292,-2.3502196088924965,1,
458.900000000,-8.473000362896377,6.417121500840344,-2.3502196088924965,1,
459.000000000,-8.487057749010418,6.402895120568443,-2.3502196088924965,1,
459.100000000,-8.50111513512446,6.388668740296542,-2.3502196088924965,1,
459.200000000,-8.516343970081339,6.373256828335316,-2.3502196088924965,1,
459.300000000,-8.531572805038218,6.35784491637409,-2.3502196088924965,1,
459.400000000,-8.54563019115226,6.3436185361021895,-2.3502196088924965,1,
459.500000000,-8.5596875772663,6.329392155830289,-2.3502196088924965,1,
459.600000000,-8.573744963380342,6.315165775558388,-2.3502196088924965,1,
459.700000000,-8.587802349494384,6.300939395286487,-2.3502196088924965,1,
459.800000000,-8.600688286765589,6.287898546703911,-2.3502196088924965,1,
459.900000000,-8.613574224036794,6.274857698121335,-2.3502196088924965,1,
460.000000000,-8.627631610150836,6.260631317849434,-2.3502196088924965,1,
460.100000000,-8.641688996264877,6.246404937577533,-2.3502196088924965,1,
460.200000000,-8.656917831221756,6.230993025616307,-2.3502196088924965,1,
460.300000000,-8.672146666178635,6.215581113655081,-2.3502196088924965,1,
460.400000000,-8.686204052292677,6.20135473338318,-2.3502196088924965,1,
460.500000000,-8.700261438406718,6.187128353111279,-2.3502196088924965,1,
460.600000000,-8.71431882452076,6.172901972839378,-2.3502196088924965,1,
460.700000000,-8.728376210634801,6.158675592567477,-2.3502196088924965,1,
460.800000000,-8.741262147906006,6.1456347439849015,-2.3502196088924965,1,
460.900000000,-8.754148085177212,6.132593895402326,-2.3502196088924965,1,
461.000000000,-8.769376920134091,6.1171819834411,-2.3502196088924965,1,
461.100000000,-8.78460575509097,6.101770071479874,-2.3502196088924965,1,
461.200000000,-8.805691834262033,6.080430501072022,-2.3502196088924965,1,
461.300000000,-8.826777913433096,6.05909093066417,-2.3502196088924965,1,
461.400000000,-8.84434964607565,6.041307955324293,-2.3502196088924965,1,
461.500000000,-8.861921378718202,6.023524979984416,-2.3502196088924965,1,
461.600000000,-8.878321662517918,6.006927536333865,-2.3502196088924965,1,
461.700000000,-8.894721946317633,5.990330092683313,-2.3502196088924965,1,
461.800000000,-8.909950781274512,5.974918180722087,-2.3502196088924965,1,
461.900000000,-8.925179616231391,5.959506268760861,-2.3502196088924965,1,
462.000000000,-8.939237002345433,5.94527988848896,-2.3502196088924965,1,
462.100000000,-8.953294388459474,5.931053508217059,-2.3502196088924965,1,
462.200000000,-8.968523223416353,5.915641596255833,-2.3502196088924965,1,
462.300000000,-8.983752058373232,5.900229684294607,-2.3502196088924965,1,
462.400000000,-8.997809444487274,5.886003304022706,-2.3502196088924965,1,
462.500000000,-9.011866830601315,5.871776923750805,-2.3502196088924965,1,
462.600000000,-9.025924216715357,5.857550543478904,-2.3502196088924965,1,
462.700000000,-9.039981602829398,5.843324163207003,-2.3502196088924965,1,
462.800000000,-9.055210437786277,5.8279122512457775,-2.3502196088924965,1,
462.900000000,-9.070439272743156,5.812500339284552,-2.3502196088924965,1,
463.000000000,-9.084496658857198,5.798273959012651,-2.3502196088924965,1,
463.100000000,-9.09855404497124,5.78404757874075,-2.3502196088924965,1,
463.200000000,-9.114954328770954,5.767450135090198,-2.3502196088924965,1,
463.300000000,-9.13135461257067,5.750852691439646,-2.3502196088924965,1,
463.400000000,-9.146583447527549,5.73544077947842,-2.3502196088924965,1,
463.500000000,-9.161812282484428,5.720028867517194,-2.3502196088924965,1,
463.600000000,-9.17586966859847,5.705802487245293,-2.3502196088924965,1,
463.700000000,-9.189927054712511,5.691576106973392,-2.3502196088924965,1,
463.800000000,-9.206327338512226,5.6749786633228405,-2.3502196088924965,1,
463.900000000,-9.222727622311941,5.658381219672289,-2.3502196088924965,1,
464.000000000,-9.23795645726882,5.642969307711063,-2.3502196088924965,1,
464.100000000,-9.2531852922257,5.627557395749837,-2.3502196088924965,1,
464.200000000,-9.267242678339741,5.613331015477936,-2.3502196088924965,1,
464.300000000,-9.281300064453783,5.599104635206035,-2.3502196088924965,1,
464.400000000,-9.297700348253498,5.582507191555483,-2.3502196088924965,1,
464.500000000,-9.314100632053213,5.565909747904931,-2.3502196088924965,1,
464.600000000,-9.329329467010092,5.550497835943705,-2.3502196088924965,1,
464.700000000,-9.344558301966972,5.5350859239824794,-2.3502196088924965,1,
464.800000000,-9.362130034609525,5.517302948642603,-2.3502196088924965,1,
464.900000000,-9.379701767252078,5.499519973302726,-2.3502196088924965,1,
465.000000000,-9.396102051051793,5.482922529652174,-2.3502196088924965,1,
465.100000000,-9.412502334851508,5.466325086001622,-2.3502196088924965,1,
465.200000000,-9.427731169808387,5.450913174040396,-2.3502196088924965,1,
465.300000000,-9.442960004765267,5.43550126207917,-2.3502196088924965,1,
465.400000000,-9.457017390879308,5.421274881807269,-2.3502196088924965,1,
465.500000000,-9.47107477699335,5.407048501535368,-2.3502196088924965,1,
465.600000000,-9.487475060793065,5.390451057884817,-2.3502196088924965,1,
465.700000000,-9.50387534459278,5.373853614234265,-2.3502196088924965,1,
465.800000000,-9.51910417954966,5.358441702273039,-2.3502196088924965,1,
465.900000000,-9.534333014506538,5.343029790311813,-2.3502196088924965,1,
466.000000000,-9.54839040062058,5.328803410039912,-2.3502196088924965,1,
466.100000000,-9.562447786734621,5.314577029768011,-2.3502196088924965,1,
466.200000000,-9.5776766216915,5.299165117806785,-2.3502196088924965,1,
466.300000000,-9.59290545664838,5.283753205845559,-2.3502196088924965,1,
466.400000000,-9.606962842762421,5.269526825573658,-2.3502196088924965,1,
466.500000000,-9.621020228876462,5.255300445301757,-2.3502196088924965,1,
466.600000000,-9.637420512676178,5.2387030016512055,-2.3502196088924965,1,
466.700000000,-9.653820796475893,5.222105558000654,-2.3502196088924965,1,
466.800000000,-9.669049631432772,5.206693646039428,-2.3502196088924965,1,
466.900000000,-9.684278466389651,5.191281734078202,-2.3502196088924965,1,
467.000000000,-9.698335852503693,5.177055353806301,-2.3502196088924965,1,
467.100000000,-9.712393238617734,5.1628289735344,-2.3502196088924965,1,
467.200000000,-9.72527917588894,5.149788124951824,-2.3502196088924965,1,
467.300000000,-9.738165113160145,5.136747276369248,-2.3502196088924965,1,
467.400000000,-9.752222499274186,5.122520896097347,-2.3502196088924965,1,
467.500000000,-9.766279885388228,5.108294515825446,-2.3502196088924965,1,
467.600000000,-9.782680169187943,5.091697072174894,-2.3502196088924965,1,
467.700000000,-9.799080452987658,5.075099628524343,-2.3502196088924965,1,
467.800000000,-9.814309287944537,5.059687716563117,-2.3502196088924965,1,
467.900000000,-9.829538122901416,5.044275804601891,-2.3502196088924965,1,
468.000000000,-9.843595509015458,5.03004942432999,-2.3502196088924965,1,
468.100000000,-9.8576528951295,5.015823044058089,-2.3502196088924965,1,
468.200000000,-9.874053178929215,4.999225600407537,-2.3502196088924965,1,
468.300000000,-9.89045346272893,4.982628156756985,-2.3502196088924965,1,
468.400000000,-9.905682297685809,4.967216244795759,-2.3502196088924965,1,
468.500000000,-9.920911132642688,4.951804332834533,-2.3502196088924965,1,
468.600000000,-9.93496851875673,4.937577952562632,-2.3502196088924965,1,
468.700000000,-9.949025904870771,4.9233515722907315,-2.3502196088924965,1,
468.800000000,-9.961911842141976,4.910310723708156,-2.3502196088924965,1,
468.900000000,-9.974797779413182,4.89726987512558,-2.3502196088924965,1,
469.000000000,-9.988855165527223,4.883043494853679,-2.3502196088924965,1,
469.100000000,-10.002912551641264,4.868817114581778,-2.3502196088924965,1,
469.200000000,-10.01931283544098,4.852219670931226,-2.3502196088924965,1,
469.300000000,-10.035713119240695,4.835622227280674,-2.3502196088924965,1,
469.400000000,-10.050941954197574,4.820210315319448,-2.3502196088924965,1,
469.500000000,-10.066170789154453,4.804798403358222,-2.3502196088924965,1,
469.600000000,-10.080228175268495,4.790572023086321,-2.3502196088924965,1,
469.700000000,-10.094285561382536,4.77634564281442,-2.3502196088924965,1,
469.800000000,-10.110685845182251,4.759748199163869,-2.3502196088924965,1,
469.900000000,-10.127086128981967,4.743150755513317,-2.3502196088924965,1,
470.000000000,-10.142314963938846,4.727738843552091,-2.3502196088924965,1,
470.100000000,-10.157543798895725,4.712326931590865,-2.3502196088924965,1,
470.200000000,-10.171601185009767,4.698100551318964,-2.3502196088924965,1,
470.300000000,-10.185658571123808,4.683874171047063,-2.3502196088924965,1,
470.400000000,-10.198544508395013,4.670833322464487,-2.3502196088924965,1,
470.500000000,-10.211430445666219,4.657792473881911,-2.3502196088924965,1,
470.600000000,-10.22548783178026,4.64356609361001,-2.3502196088924965,1,
470.700000000,-10.239545217894301,4.629339713338109,-2.3502196088924965,1,
470.800000000,-10.255945501694017,4.6127422696875575,-2.3502196088924965,1,
470.900000000,-10.272345785493732,4.596144826037006,-2.3502196088924965,1,
471.000000000,-10.287574620450611,4.58073291407578,-2.3502196088924965,1,
471.100000000,-10.30280345540749,4.565321002114554,-2.3502196088924965,1,
471.200000000,-10.316860841521532,4.551094621842653,-2.3502196088924965,1,
471.300000000,-10.330918227635573,4.536868241570752,-2.3502196088924965,1,
471.400000000,-10.347318511435288,4.5202707979202,-2.3502196088924965,1,
471.500000000,-10.363718795235004,4.503673354269648,-2.3502196088924965,1,
471.600000000,-10.378947630191883,4.488261442308422,-2.3502196088924965,1,
471.700000000,-10.394176465148762,4.4728495303471965,-2.3502196088924965,1,
471.800000000,-10.408233851262803,4.4586231500752955,-2.3502196088924965,1,
471.900000000,-10.422291237376845,4.444396769803395,-2.3502196088924965,1,
472.000000000,-10.43869152117656,4.427799326152843,-2.3502196088924965,1,
472.100000000,-10.455091804976275,4.411201882502291,-2.3502196088924965,1,
472.200000000,-10.469149191090317,4.39697550223039,-2.3502196088924965,1,
472.300000000,-10.483206577204358,4.382749121958489,-2.3502196088924965,1,
472.400000000,-10.496092514475563,4.369708273375913,-2.3502196088924965,1,
472.500000000,-10.508978451746769,4.356667424793337,-2.3502196088924965,1,
472.600000000,-10.521864389017974,4.343626576210761,-2.3502196088924965,1,
472.700000000,-10.53475032628918,4.330585727628185,-2.3502196088924965,1,
472.800000000,-10.548807712403221,4.3163593473562845,-2.3502196088924965,1,
472.900000000,-10.562865098517262,4.3021329670843835,-2.3502196088924965,1,
473.000000000,-10.578093933474142,4.286721055123158,-2.3502196088924965,1,
473.100000000,-10.59332276843102,4.271309143161932,-2.3502196088924965,1,
473.200000000,-10.607380154545062,4.257082762890031,-2.3502196088924965,1,
473.300000000,-10.621437540659104,4.24285638261813,-2.3502196088924965,1,
473.400000000,-10.635494926773145,4.228630002346229,-2.3502196088924965,1,
473.500000000,-10.649552312887186,4.214403622074328,-2.3502196088924965,1,
473.600000000,-10.664781147844066,4.198991710113102,-2.3502196088924965,1,
473.700000000,-10.680009982800945,4.183579798151876,-2.3502196088924965,1,
473.800000000,-10.694067368914986,4.169353417879975,-2.3502196088924965,1,
473.900000000,-10.708124755029027,4.155127037608074,-2.3502196088924965,1,
474.000000000,-10.724525038828743,4.138529593957522,-2.3513199809583787,1,
474.100000000,-10.740943576059246,4.121950206765741,-2.352420353024261,1,
474.200000000,-10.756206291784853,4.106571846868674,-2.353442127085437,1,
474.300000000,-10.771484712749665,4.091209090043598,-2.3544639011466133,1,
474.400000000,-10.785602352983211,4.077042501384497,-2.3554070772030835,1,
474.500000000,-10.79973334852261,4.062889234444828,-2.3563502532595537,1,
474.600000000,-10.812698991940978,4.049927629534216,-2.3577931178830163,1,
474.700000000,-10.825683323697733,4.036984745777431,-2.359235982506479,1,
474.800000000,-10.83986840703985,4.022885688696292,-2.360810016641165,1,
474.900000000,-10.854075665197554,4.008808976877108,-2.3623840507758516,1,
475.000000000,-10.8742339787102,3.9888986736623484,-2.364613932466657,1,
475.100000000,-10.89443663968935,3.9690333705652563,-2.3668438141574626,1,
475.200000000,-10.91587454226757,3.948047271998664,-2.3692048653594924,1,
475.300000000,-10.937361934299561,3.927111847864831,-2.371565916561522,1,
475.400000000,-10.958898696002565,3.906227214869539,-2.373926967763552,1,
475.500000000,-10.980484707318606,3.8853934894354314,-2.3762880189655817,1,
475.600000000,-11.002119847915164,3.864610787701365,-2.3786490701676115,1,
475.700000000,-11.023803997185846,3.8438792255217615,-2.3810101213696413,1,
475.800000000,-11.078136589848874,3.7921784578822626,-2.393469059455073,1,
475.900000000,-11.133109085673098,3.74115861171574,-2.4059279975405046,1,
476.000000000,-11.147936783268442,3.727737010320189,-2.408774419051267,1,
476.100000000,-11.1628026242793,3.714357669116681,-2.41162084056203,1,
476.200000000,-11.218692114210654,3.6643440218270364,-2.4240797786474615,1,
476.300000000,-11.275200367285784,3.615030561855168,-2.436538716732893,1,
476.400000000,-11.332318612116758,3.5664249437907,-2.4489976548183248,1,
476.500000000,-11.390037982630814,3.518534712349819,-2.4614565929037564,1,
476.600000000,-11.44834951944658,3.4713673012041615,-2.473915530989188,1,
476.700000000,-11.50724417126478,3.424930031826935,-2.4863744690746197,1,
476.800000000,-11.566712796273197,3.379230112356456,-2.504643504179788,1,
476.900000000,-11.627006344495426,3.334624192987232,-2.522912539284956,1,
477.000000000,-11.688104693058573,3.2911271608717394,-2.5411815743901243,1,
477.100000000,-11.74998745048895,3.2487535330731534,-2.5594506094952925,1,
477.200000000,-11.812633963517694,3.207517451720298,-2.5777196446004607,1,
477.300000000,-11.876023323973765,3.167432679287735,-2.595988679705629,1,
477.400000000,-11.94013437576201,3.1285125940025633,-2.614257714810797,1,
477.500000000,-12.004945721923976,3.0907701853794536,-2.6325267499159652,1,
477.600000000,-12.070435731779112,3.0542180498854212,-2.6507957850211334,1,
477.700000000,-12.136582548143972,3.0188683867357757,-2.6690648201263016,1,
477.800000000,-12.203364094627014,2.9847329938226532,-2.6935885476289716,1,
477.900000000,-12.270962603630984,2.9522454334273243,-2.7181122751316416,1,
478.000000000,-12.339337422557028,2.9214252430185876,-2.7426360026343115,1,
478.100000000,-12.408447431946646,2.8922909573371616,-2.7671597301369815,1,
478.200000000,-12.478251070210241,2.8648600972492035,-2.790232742833476,1,
478.300000000,-12.548668985256993,2.8390469757706134,-2.8133057555299708,1,
478.400000000,-12.619663690793042,2.8148653342661634,-2.8325624825345916,1,
478.500000000,-12.691110864043106,2.7920552173314506,-2.8518192095392125,1,
478.600000000,-12.758192468499953,2.772053758797255,-2.8697921547435254,1,
478.700000000,-12.825622704436471,2.7532611197716825,-2.8877650999478384,1,
478.800000000,-12.89821958254211,2.7344278171055296,-2.907125060522325,1,
478.900000000,-12.971167445345614,2.7170034286686,-2.926485021096812,1,
479.000000000,-13.034669417998714,2.7031290108730706,-2.9399458739688105,1,
479.100000000,-13.098352393489337,2.69011061494037,-2.953406726840809,1,
479.200000000,-13.172028285212786,2.6760798281215634,-2.970562865704044,1,
479.300000000,-13.24593403689419,2.663315037938928,-2.9877190045672792,1,
479.400000000,-13.320047896158043,2.651820001400585,-3.0037390396403096,1,
479.500000000,-13.39433638829022,2.6415136957226344,-3.01975907471334,1,
479.600000000,-13.468780448186653,2.632398765874502,-3.0322180127987717,1,
479.700000000,-13.543332289771778,2.624212013388543,-3.0446769508842033,1,
479.800000000,-13.617980340875373,2.616954709038106,-3.057135888969635,1,
479.900000000,-13.692713014393275,2.6106279793246894,-3.0695948270550666,1,
480.000000000,-13.767518710085962,2.6052328063030843,-3.0808108514910866,1,
480.100000000,-13.842380211703203,2.600676977551717,-3.0920268759271066,1,
480.200000000,-13.917288101826399,2.5969610661842104,-3.1032429003631266,1,
480.300000000,-13.992232957201375,2.5940855396543574,-3.1144589247991465,1,
480.400000000,-14.067205349923807,2.5920507596973144,-3.1244013712608947,1,
480.500000000,-14.1421942674397,2.5907614770306435,-3.134343817722643,1,
480.600000000,-14.217192296987525,2.590217819101777,3.1376254650209234,1,
480.700000000,-14.292191706791357,2.5905153574639685,3.1264094405849034,1,
480.800000000,-14.367183062084038,2.5916540546875217,3.1151934161488835,1,
480.900000000,-14.442156929111652,2.5936337675267334,3.1039773917128635,1,
481.000000000,-14.517103876320268,2.5964542469379146,3.0927613672768435,1,
481.100000000,-14.592014475542413,2.60011513811072,3.0815453428408235,1,
481.200000000,-14.666879303183114,2.604615980512781,3.0703293184048035,1,
481.300000000,-14.741688941405364,2.6099562079476417,3.0591132939687835,1,
481.400000000,-14.816433979314871,2.6161351486259834,3.0478972695327635,1,
481.500000000,-14.891105014143923,2.6231520252501346,3.0366812450967435,1,
481.600000000,-14.96569265243424,2.631005955111854,3.0254652206607235,1,
481.700000000,-15.040187511218653,2.6396959502033734,3.0142491962247036,1,
481.800000000,-15.114580219201452,2.6492209173416863,3.009745695638512,1,
481.900000000,-15.188929277236928,2.6590808143613005,3.00524219505232,1,
482.000000000,-15.263233177415906,2.66927544128888,3.0007386944661283,1,
482.100000000,-15.337490412745078,2.679804591362269,2.9962351938799365,1,
482.200000000,-15.41169947717757,2.6906680510346868,2.9917316932937448,1,
482.300000000,-15.485858865643486,2.701865599979058,2.987228192707553,1,
482.400000000,-15.559967074080427,2.7133970110924817,2.9827246921213613,1,
482.500000000,-15.634022599464009,2.725262050500836,2.9782211915351695,1,
482.600000000,-15.70802393983833,2.7374604775635225,2.9737176909489778,1,
482.700000000,-15.78196959434645,2.749992044878348,2.969214190362786,1,
482.800000000,-15.855858063260811,2.7628564982865393,2.9647106897765942,1,
482.900000000,-15.92968784801367,2.7760535768779,2.9602071891904025,1,
483.000000000,-16.003457451227483,2.7895830129961023,2.9408472286159157,1,
483.100000000,-16.07695131716372,2.804538001118686,2.921487268041429,1,
483.200000000,-16.150141900588437,2.820912936170437,2.9021273074669423,1,
483.300000000,-16.22300176993689,2.838701680885191,2.8827673468924555,1,
483.400000000,-16.29550361759475,2.857897568106058,2.8634073863179688,1,
483.500000000,-16.36762027013293,2.8784934032842497,2.844047425743482,1,
483.600000000,-16.433486452820038,2.898691177206211,2.812940851359964,1,
483.700000000,-16.4986925891541,2.920927720947479,2.781834276976446,1,
483.800000000,-16.56574346201329,2.9461473659679167,2.7534712091143896,1,
483.900000000,-16.632052156085877,2.9732583810083892,2.725108141252333,1,
484.000000000,-16.70064091398082,3.003599480039719,2.702595873883008,1,
484.100000000,-16.768529302903517,3.0354768489631554,2.6800836065136826,1,
484.200000000,-16.83102371136543,3.0665571711804094,2.64988000698056,1,
484.300000000,-16.892551021616512,3.0995105869578294,2.6196764074474377,1,
484.400000000,-16.953847664901804,3.13476284256897,2.590387085592378,1,
484.500000000,-17.01408565092256,3.1717950588661417,2.561097763737318,1,
484.600000000,-17.073213307350716,3.2105754695012982,2.5318084418822586,1,
484.700000000,-17.131179914302315,3.25107080851996,2.5025191200271983,1,
484.800000000,-17.187935747845177,3.2932463388968523,2.4732297981721385,1,
484.900000000,-17.24343212265225,3.337065882333429,2.4439404763170787,1,
485.000000000,-17.30090856666333,3.3852473972934343,2.431481538231647,1,
485.100000000,-17.35778027485579,3.4341412497420976,2.4190226001462154,1,
485.200000000,-17.414038419425058,3.4837398502225883,2.4065636620607838,1,
485.300000000,-17.46967426780583,3.53403549988488,2.394104723975352,1,
485.400000000,-17.524679184027555,3.5850203916807906,2.3816457858899205,1,
485.500000000,-17.579044630054963,3.6366866115758163,2.3691868478044893,1,
485.600000000,-17.632762167113334,3.689026139777573,2.356727909719057,1,
485.700000000,-17.685823456998417,3.7420308519806538,2.3442689716336256,1,
485.800000000,-17.738220263370692,3.7956925206277083,2.342722342495055,1,
485.900000000,-17.79053401240752,3.84943516348896,2.3411757133564848,1,
486.000000000,-17.842764578971206,3.903258652008717,2.3396290842179144,1,
486.100000000,-17.89491183812304,3.9571628574379,2.338082455079344,1,
486.200000000,-17.946975665123585,4.01114765083435,2.3365358259407736,1,
486.300000000,-17.998955935432978,4.065212903063137,2.334989196802203,1,
486.400000000,-18.05085252471123,4.119358484796867,2.333442567663633,1,
486.500000000,-18.10266530881853,4.173584266515994,2.3318959385250624,1,
486.600000000,-18.15439416381552,4.22789011850913,2.330349309386492,1,
486.700000000,-18.206038965963614,4.282275910873351,2.3288026802479216,1,
486.800000000,-18.257599591725285,4.3367415135145135,2.3303493093864915,1,
486.900000000,-18.309244393873378,4.391127305878735,2.3318959385250615,1,
487.000000000,-18.36097324887037,4.445433157871871,2.3334425676636315,1,
487.100000000,-18.412786032977667,4.499658939590998,2.3349891968022014,1,
487.200000000,-18.46468262225592,4.553804521324728,2.3365358259407714,1,
487.300000000,-18.516662892565314,4.607869773553515,2.3380824550793413,1,
487.400000000,-18.56872671956586,4.661854566949965,2.3396290842179113,1,
487.500000000,-18.620873978717693,4.715758772379148,2.3411757133564812,1,
487.600000000,-18.67310454528138,4.769582260898906,2.342722342495051,1,
487.700000000,-18.725418294318207,4.823324903760158,2.344268971633621,1,
487.800000000,-18.777815100690482,4.876986572407213,2.345815600772191,1,
487.900000000,-18.83029483906184,4.930567138478074,2.347362229910761,1,
488.000000000,-18.88285738389753,4.984066473804749,2.348908859049331,1,
488.100000000,-18.93550260946473,5.03748445041355,2.350455488187901,1,
488.200000000,-18.98823038983284,5.0908209405254095,2.352002117326471,1,
488.300000000,-19.041040598873778,5.144075816556176,2.353548746465041,1,
488.400000000,-19.09393311026229,5.197248951116928,2.355095375603611,1,
488.500000000,-19.146907797476256,5.250340217014272,2.3566420047421808,1,
488.600000000,-19.19996453379698,5.3033494872506495,2.3566420047421808,1,
488.700000000,-19.253021270117703,5.356358757487027,2.3566420047421808,1,
488.800000000,-19.306078006438426,5.409368027723405,2.3566420047421808,1,
488.900000000,-19.35913474275915,5.462377297959782,2.3566420047421808,1,
489.000000000,-19.412191479079873,5.51538656819616,2.3566420047421808,1,
489.100000000,-19.465248215400596,5.568395838432537,2.3566420047421808,1,
489.200000000,-19.51830495172132,5.621405108668915,2.3566420047421808,1,
489.300000000,-19.571361688042042,5.6744143789052925,2.3566420047421808,1,
489.400000000,-19.624418424362766,5.72742364914167,2.3566420047421808,1,
489.500000000,-19.67747516068349,5.780432919378048,2.3566420047421808,1,
489.600000000,-19.730531897004212,5.833442189614425,2.3566420047421808,1,
489.700000000,-19.783588633324936,5.886451459850803,2.3566420047421808,1,
489.800000000,-19.83664536964566,5.9394607300871805,2.3566420047421808,1,
489.900000000,-19.889702105966382,5.992470000323558,2.3566420047421808,1,
490.000000000,-19.942758842287105,6.045479270559936,2.3566420047421808,1,
490.100000000,-19.99581557860783,6.098488540796313,2.3566420047421808,1,
490.200000000,-20.048872314928552,6.151497811032691,2.3566420047421808,1,
490.300000000,-20.101929051249275,6.204507081269068,2.3566420047421808,1,
490.400000000,-20.15498578757,6.257516351505446,2.3566420047421808,1,
490.500000000,-20.20804252389072,6.3105256217418235,2.3566420047421808,1,
490.600000000,-20.261099260211445,6.363534891978201,2.3566420047421808,1,
490.700000000,-20.31415599653217,6.416544162214579,2.3566420047421808,1,
490.800000000,-20.36721273285289,6.469553432450956,2.3566420047421808,1,
490.900000000,-20.420269469173615,6.522562702687334,2.3566420047421808,1,
491.000000000,-20.473326205494338,6.575571972923711,2.3566420047421808,1,
491.100000000,-20.52638294181506,6.628581243160089,2.3566420047421808,1,
491.200000000,-20.579439678135785,6.681590513396467,2.3566420047421808,1,
491.300000000,-20.632496414456508,6.734599783632844,2.3566420047421808,1,
491.400000000,-20.68555315077723,6.787609053869222,2.3566420047421808,1,
491.500000000,-20.738609887097954,6.840618324105599,2.3566420047421808,1,
491.600000000,-20.791666623418678,6.893627594341977,2.3566420047421808,1,
491.700000000,-20.8447233597394,6.9466368645783545,2.3566420047421808,1,
491.800000000,-20.897780096060124,6.999646134814732,2.3566420047421808,1,
491.900000000,-20.950836832380848,7.05265540505111,2.3566420047421808,1,
492.000000000,-21.00389356870157,7.105664675287487,2.3566420047421808,1,
492.100000000,-21.056950305022294,7.158673945523865,2.3566420047421808,1,
492.200000000,-21.110007041343017,7.211683215760242,2.3566420047421808,1,
492.300000000,-21.16306377766374,7.26469248599662,2.3566420047421808,1,
492.400000000,-21.216120513984464,7.317701756232998,2.3566420047421808,1,
492.500000000,-21.269177250305187,7.370711026469375,2.3566420047421808,1,
492.600000000,-21.32223398662591,7.423720296705753,2.3566420047421808,1,
492.700000000,-21.375290722946634,7.47672956694213,2.3566420047421808,1,
492.800000000,-21.428347459267357,7.529738837178508,2.3566420047421808,1,
492.900000000,-21.48140419558808,7.5827481074148855,2.3566420047421808,1,
493.000000000,-21.534460931908804,7.635757377651263,2.3566420047421808,1,
493.100000000,-21.587517668229527,7.688766647887641,2.3566420047421808,1,
493.200000000,-21.64057440455025,7.741775918124018,2.3566420047421808,1,
493.300000000,-21.693631140870973,7.794785188360396,2.3566420047421808,1,
493.400000000,-21.746687877191697,7.847794458596773,2.3566420047421808,1,
493.500000000,-21.79974461351242,7.900803728833151,2.3566420047421808,1,
493.600000000,-21.852801349833143,7.9538129990695285,2.3566420047421808,1,
493.700000000,-21.905858086153867,8.006822269305905,2.3566420047421808,1,
493.800000000,-21.95891482247459,8.059831539542282,2.3566420047421808,1,
493.900000000,-22.011971558795313,8.112840809778659,2.3566420047421808,1,
494.000000000,-22.065028295116036,8.165850080015035,2.3566420047421808,1,
494.100000000,-22.11808503143676,8.218859350251412,2.3566420047421808,1,
494.200000000,-22.171141767757483,8.271868620487789,2.3566420047421808,1,
494.300000000,-22.224198504078206,8.324877890724165,2.3566420047421808,1,
494.400000000,-22.27725524039893,8.377887160960542,2.3566420047421808,1,
494.500000000,-22.330311976719653,8.430896431196919,2.3566420047421808,1,
494.600000000,-22.383368713040376,8.483905701433295,2.3566420047421808,1,
494.700000000,-22.4364254493611,8.536914971669672,2.3566420047421808,1,
494.800000000,-22.489482185681823,8.589924241906049,2.3566420047421808,1,
494.900000000,-22.542538922002546,8.642933512142426,2.3566420047421808,1,
495.000000000,-22.59559565832327,8.695942782378802,2.3566420047421808,1,
495.100000000,-22.648652394643992,8.748952052615179,2.3566420047421808,1,
495.200000000,-22.701709130964716,8.801961322851556,2.3566420047421808,1,
495.300000000,-22.75476586728544,8.854970593087932,2.3566420047421808,1,
495.400000000,-22.807822603606162,8.907979863324309,2.3566420047421808,1,
495.500000000,-22.860879339926885,8.960989133560686,2.3566420047421808,1,
495.600000000,-22.91393607624761,9.013998403797062,2.3566420047421808,1,
495.700000000,-22.966992812568332,9.067007674033439,2.3566420047421808,1,
495.800000000,-23.020049548889055,9.120016944269816,2.345425980306161,1,
495.900000000,-23.072508407192498,9.173617953453407,2.334209955870141,1,
496.000000000,-23.124362788265216,9.227803958690602,2.314849995295654,1,
496.100000000,-23.175158478526185,9.282983645631646,2.2954900347211673,1,
496.200000000,-23.224876439935247,9.33913633313035,2.2761300741466806,1,
496.300000000,-23.2734980383811,9.396240975363451,2.256770113572194,1,
496.400000000,-23.321005050665292,9.454276169718511,2.237410152997707,1,
496.500000000,-23.367379671332223,9.513220164815538,2.2180501924232208,1,
496.600000000,-23.412604519342555,9.57305086865932,2.1986902318487336,1,
496.700000000,-23.45666264458756,9.633745856919436,2.179330271274247,1,
496.800000000,-23.499537534241966,9.695282381334797,2.15997031069976,1,
496.900000000,-23.541213118952907,9.757637378239627,2.1406103501252733,1,
497.000000000,-23.56606401025676,9.796424097210163,2.0866752648337084,1,
497.100000000,-23.588787813891017,9.836494099899046,2.0327401795421425,1,
497.200000000,-23.601841744299662,9.86271354462571,1.9620295015023443,1,
497.300000000,-23.613010603372878,9.889789751300409,1.891318823462547,1,
497.400000000,-23.62223857008,9.917587395289434,1.8206081454227496,1,
497.500000000,-23.629479523809323,9.94596754627526,1.7498974673829513,1,
497.600000000,-23.637403411560847,9.98973600336236,1.6943774160439378,1,
497.700000000,-23.64288631109161,10.033876728839175,1.6388573647049245,1,
497.800000000,-23.646019117004766,10.079834991362967,1.5849222794133593,1,
497.900000000,-23.64666980616678,10.125895310192842,1.5309871941217934,1,
498.000000000,-23.64483648618597,10.171923728642136,1.4770521088302278,1,
498.100000000,-23.640524488885397,10.217786382799687,1.4231170235386623,1,
498.200000000,-23.63374635479639,10.263349890844687,1.3691819382470962,1,
498.300000000,-23.624521796687066,10.308481740959467,1.3152468529555312,1,
498.400000000,-23.612877642231908,10.353050676712071,1.2613117676639651,1,
498.500000000,-23.59884775598916,10.3969270787878,1.2073766823723995,1,
498.600000000,-23.576807054840245,10.454881335048993,1.1693806203596264,1,
498.700000000,-23.55258075815864,10.511956503686665,1.1313845583468534,1,
498.800000000,-23.52067521906384,10.579831658014815,1.1386805240659195,1,
498.900000000,-23.489265739554686,10.647937785470162,1.1459764897849856,1,
499.000000000,-23.458353991585405,10.716271260703635,1.1532724555040517,1,
499.100000000,-23.427941620615535,10.784828446264239,1.160568421223118,1,
499.200000000,-23.39803024552233,10.853605692792678,1.1678643869421839,1,
499.300000000,-23.368621458514603,10.92259933921562,1.1751603526612497,1,
499.400000000,-23.33971682504795,10.991805712940579,1.1824563183803163,1,
499.500000000,-23.31131788374144,11.0612211300514,1.1897522840993822,1,
499.600000000,-23.2834261462957,11.130841895504373,1.1970482498184483,1,
499.700000000,-23.256043097412444,11.20066430332491,1.2043442155375146,1,
499.800000000,-23.229170194715458,11.270684636804823,1.2129806182298204,1,
499.900000000,-23.202903010482046,11.340934441305961,1.2216170209221269,1,
500.000000000,-23.17724350390236,11.411408477107008,1.2302534236144331,1,
500.100000000,-23.15219358884171,11.482101487761911,1.2388898263067396,1,
500.200000000,-23.1277551336978,11.553008200491943,1.2475262289990456,1,
500.300000000,-23.103929961261393,11.624123326578982,1.256162631691352,1,
500.400000000,-23.080719848580333,11.695441561759983,1.2647990343836581,1,
500.500000000,-23.058126526827014,11.766957586622604,1.2734354370759644,1,
500.600000000,-23.03615168116925,11.838666067001968,1.2820718397682709,1,
500.700000000,-23.01479695064459,11.910561654378519,1.2907082424605771,1,
500.800000000,-22.99406392803806,11.982638986276953,1.2993446451528827,1,
500.900000000,-22.973954159763363,12.054892686666193,1.307981047845189,1,
501.000000000,-22.95446914574754,12.127317366360364,1.3152770135642555,1,
501.100000000,-22.935513053626256,12.199882279172888,1.3225729792833216,1,
501.200000000,-22.917086892448964,12.272583562409626,1.3298689450023877,1,
501.300000000,-22.899191643056433,12.34541734611732,1.3371649107214536,1,
501.400000000,-22.88182825802853,12.418379753289594,1.34446087644052,1,
501.500000000,-22.864997661633517,12.491466900073336,1.3517568421595862,1,
501.600000000,-22.84870074977884,12.564674895975429,1.359052807878652,1,
501.700000000,-22.832938389963452,12.637999844069855,1.366348773597718,1,
501.800000000,-22.817711421231635,12.711437841205127,1.372267843973179,1,
501.900000000,-22.802919401375522,12.784964680852813,1.3781869143486392,1,
502.000000000,-22.788562848637845,12.858577786978627,1.3841059847240997,1,
502.100000000,-22.774642266004616,12.932274580525913,1.3900250550995605,1,
502.200000000,-22.76115814118751,13.006052479506007,1.395944125475021,1,
502.300000000,-22.74811094660678,13.079908899088684,1.4018631958504817,1,
502.400000000,-22.73550113937469,13.153841251692734,1.4063666964366732,1,
502.500000000,-22.72322441328322,13.227829642650201,1.410870197022865,1,
502.600000000,-22.711281017322584,13.301872571366774,1.4153736976090565,1,
502.700000000,-22.699671193722565,13.375968536142032,1.4198771981952476,1,
502.800000000,-22.68839517794761,13.45011603419991,1.4243806987814394,1,
502.900000000,-22.67745319869204,13.524313561719165,1.4288841993676307,1,
503.000000000,-22.669600649288146,13.579275490166344,1.4733641479377795,1,
503.100000000,-22.664199764307178,13.634532223260111,1.5178440965079278,1,
503.200000000,-22.66306285521083,13.655982618903622,1.5963635928928694,1,
503.300000000,-22.663611993130896,13.677456102158587,1.6748830892778117,1,
503.400000000,-22.663611993130896,13.677456102158587,1.7748830892778118,1,
503.500000000,-22.663611993130896,13.677456102158587,1.8748830892778119,1,
503.600000000,-22.663611993130896,13.677456102158587,1.974883089277812,1,
503.700000000,-22.663611993130896,13.677456102158587,2.074883089277812,1,
503.800000000,-22.663611993130896,13.677456102158587,2.174883089277812,1,
503.900000000,-22.663611993130896,13.677456102158587,2.2748830892778122,1,
504.000000000,-22.663611993130896,13.677456102158587,2.3748830892778123,1,
504.100000000,-22.663611993130896,13.677456102158587,2.4748830892778124,1,
504.200000000,-22.663611993130896,13.677456102158587,2.5748830892778125,1,
504.300000000,-22.663611993130896,13.677456102158587,2.6748830892778126,1,
504.400000000,-22.663611993130896,13.677456102158587,2.7748830892778127,1,
504.500000000,-22.663611993130896,13.677456102158587,2.8748830892778128,1,
504.600000000,-22.663611993130896,13.677456102158587,2.974883089277813,1,
504.700000000,-22.663611993130896,13.677456102158587,3.074883089277813,1,
504.800000000,-22.663611993130896,13.677456102158587,-3.108302217901773,1,
504.900000000,-22.663611993130896,13.677456102158587,-3.008302217901773,1,
505.000000000,-22.663611993130896,13.677456102158587,-2.908302217901773,1,
505.100000000,-22.663611993130896,13.677456102158587,-2.808302217901773,1,
505.200000000,-22.663611993130896,13.677456102158587,-2.708302217901773,1,
505.300000000,-22.663611993130896,13.677456102158587,-2.6083022179017727,1,
505.400000000,-22.663611993130896,13.677456102158587,-2.5083022179017727,1,
505.500000000,-22.663611993130896,13.677456102158587,-2.4083022179017726,1,
505.600000000,-22.673770611261244,13.668304602088616,-2.3219750916249104,1,
505.700000000,-22.68310235817875,13.658311305569626,-2.2356479653480483,1,
505.800000000,-22.690788805152927,13.648506017474588,-2.1481069035738165,1,
505.900000000,-22.69758854921547,13.638066255868237,-2.0605658417995856,1,
506.000000000,-22.702864819663823,13.628168772474481,-1.9717818663793472,1,
506.100000000,-22.70724272449752,13.617842439309173,-1.8829978909591092,1,
506.200000000,-22.711069543674483,13.605985770438856,-1.7954568291848774,1,
506.300000000,-22.71384508873357,13.593839927885188,-1.707915767410646,1,
506.400000000,-22.715378208969117,13.58272917859825,-1.6191317919904085,1,
506.500000000,-22.715920129660855,13.571526253563345,-1.5303478165701707,1,
506.600000000,-22.71470700521244,13.541550791447262,-1.4639051818678903,1,
506.700000000,-22.711506373916784,13.511722014078599,-1.39746254716561,1,
506.800000000,-22.70087090119323,13.450979405493484,-1.3622885015508328,1,
506.900000000,-22.688105884218288,13.3906483842904,-1.3271144559360561,1,
507.000000000,-22.670010083106032,13.317864169091596,-1.333033526311517,1,
507.100000000,-22.65234541136597,13.244974119206061,-1.338952596686977,1,
507.200000000,-22.635112487885035,13.17198078835796,-1.3462485624060434,1,
507.300000000,-22.618412575180773,13.09886367055597,-1.35354452812511,1,
507.400000000,-22.60224656220423,13.025626657888589,-1.350768541294455,1,
507.500000000,-22.585877306794558,12.952434803988494,-1.3479925544637992,1,
507.600000000,-22.569304935094845,12.879288672879278,-1.3453736989631815,1,
507.700000000,-22.55254106129627,12.806186193199958,-1.3427548434625636,1,
507.800000000,-22.535585800372193,12.733127866316595,-1.3402931192919822,1,
507.900000000,-22.518450741555757,12.660111499936466,-1.3378313951214014,1,
508.000000000,-22.501520760972813,12.588759180175726,-1.3343730829143443,1,
508.100000000,-22.48434412352384,12.517465836140506,-1.3309147707072864,1,
508.200000000,-22.468108972518355,12.45108915110522,-1.3276922525143466,1,
508.300000000,-22.451660006105858,12.384765128697008,-1.3244697343214062,1,
508.400000000,-22.436216610541795,12.323343531155402,-1.3224794041409365,1,
508.500000000,-22.42065099638796,12.261952792707937,-1.320489073960467,1,
508.600000000,-22.406201733549477,12.205437338350725,-1.319572700734301,1,
508.700000000,-22.391700687535813,12.148935148638401,-1.3186563275081347,1,
508.800000000,-22.37839525483937,12.09728817481413,-1.3169802599877387,1,
508.900000000,-22.36500327705692,12.045663574326388,-1.3153041924673432,1,
509.000000000,-22.35236719713722,11.997286622332046,-1.313732879166973,1,
509.100000000,-22.339655117500097,11.948929585291927,-1.3121615658666015,1,
509.200000000,-22.3277196060632,11.903815049446841,-1.3121615658666015,1,
509.300000000,-22.315784094626306,11.858700513601756,-1.3121615658666015,1,
509.400000000,-22.30470111972062,11.816808444602747,-1.3114808314700213,1,
509.500000000,-22.293589630012743,11.774923929871768,-1.3108000970734404,1,
509.600000000,-22.283306553679505,11.736268291976051,-1.3101717268612119,1,
509.700000000,-22.27299918932661,11.69761912329034,-1.3095433566489834,1,
509.800000000,-22.263098026369857,11.660586550917518,-1.3083386831186992,1,
509.900000000,-22.25315225844867,11.623565933082286,-1.3071340095884152,1,
510.000000000,-22.244030626818635,11.58977546347315,-1.3071340095884152,1,
510.100000000,-22.2349089951886,11.555984993864012,-1.3071340095884152,1,
510.200000000,-22.226656090380477,11.52541266421765,-1.3061388444981796,1,
510.300000000,-22.21837276514883,11.494848562711399,-1.3051436794079452,1,
510.400000000,-22.210496592826118,11.465900921882776,-1.3046724017487736,1,
510.500000000,-22.202606779002164,11.436956996132745,-1.3042011240896025,1,
510.600000000,-22.195142406183358,11.409624581014434,-1.3042011240896025,1,
510.700000000,-22.187678033364552,11.382292165896123,-1.3042011240896025,1,
510.800000000,-22.180652741299795,11.356567539902418,-1.3046200375644215,1,
510.900000000,-22.173638226243614,11.330839973176477,-1.3050389510392404,1,
511.000000000,-22.167072222978017,11.306717626667147,-1.305431682421883,1,
511.100000000,-22.16051569382104,11.282592703342633,-1.305824413804526,1,
511.200000000,-22.153968639783944,11.258465206923914,-1.3022663869160727,1,
511.300000000,-22.14733578108832,11.234361157771875,-1.2987083600276197,1,
511.400000000,-22.140617201703122,11.21028086103274,-1.296740817359262,1,
511.500000000,-22.133851256341753,11.186213829986784,-1.2947732746909038,1,
511.600000000,-22.127492190206365,11.163763735948447,-1.2933052657900006,1,
511.700000000,-22.12110017399699,11.141323001262979,-1.291837256889097,1,
511.800000000,-22.115134146667902,11.120493911932117,-1.2904741057668299,1,
511.900000000,-22.10913973169409,11.09967297454769,-1.2891109546445625,1,
512.000000000,-22.103116940214257,11.078860227798765,-1.2901327287057387,1,
512.100000000,-22.097115417799458,11.058041337983285,-1.291154502766915,1,
512.200000000,-22.076414562508543,10.985954760937176,-1.3105144633414014,1,
512.300000000,-22.057113092631564,10.913480950077059,-1.3298744239158882,1,
512.400000000,-22.051943469199355,10.892440050903934,-1.3285112727936208,1,
512.500000000,-22.046745168653754,10.871406218255506,-1.3271481216713532,1,
512.600000000,-22.04192027511565,10.851996931757904,-1.3230063207876612,1,
512.700000000,-22.037015033791715,10.832607795429693,-1.3188645199039692,1,
512.800000000,-22.031614070081954,10.811625087419278,-1.3140214461135808,1,
512.900000000,-22.026111549306897,10.790668782650439,-1.309178372323193,1,
513.000000000,-22.020507600529914,10.769739372659963,-1.304335298532804,1,
513.100000000,-22.01480235519341,10.748837348353817,-1.2994922247424157,1,
513.200000000,-22.00944259389093,10.729568903715485,-1.295021695089749,1,
513.300000000,-22.00399674628129,10.710324612514908,-1.2905511654370834,1,
513.400000000,-21.998464921203034,10.691104859360834,-1.2860806357844172,1,
513.500000000,-21.992847229213012,10.6719100283716,-1.281610106131751,1,
513.600000000,-21.987143782584187,10.652740503167461,-1.2771395764790852,1,
513.700000000,-21.98135469530337,10.63359666686292,-1.2726690468264188,1,
513.800000000,-21.975480083068955,10.614478902059071,-1.2668585096987877,1,
513.900000000,-21.969494486147482,10.59539559444499,-1.261047972571156,1,
514.000000000,-21.96390613825293,10.577934738826762,-1.2557216468708272,1,
514.100000000,-21.958224867863905,10.560503896108239,-1.2503953211704988,1,
514.200000000,-21.951925924182795,10.541521712132147,-1.2445847840428677,1,
514.300000000,-21.94551679077082,10.522576448636816,-1.238774246915236,1,
514.400000000,-21.938997684014723,10.503668745256908,-1.2329637097876047,1,
514.500000000,-21.93236882401419,10.484799240358969,-1.2271531726599734,1,
514.600000000,-21.926191967027748,10.467537793464802,-1.2218268469596452,1,
514.700000000,-21.91992325800553,10.450309491218038,-1.216500521259316,1,
514.800000000,-21.91298465813273,10.431551670667528,-1.210689984131685,1,
514.900000000,-21.905937182991853,10.41283448353541,-1.2048794470040534,1,
515.000000000,-21.8987810705215,10.394158561755972,-1.1994080661489683,1,
515.100000000,-21.891522882592554,10.37552207313853,-1.1939366852938824,1,
515.200000000,-21.88477617366122,10.358475283713334,-1.188921252843388,1,
515.300000000,-21.87794405292254,10.341462546211002,-1.183905820392893,1,
515.400000000,-21.870397841263593,10.322940810612026,-1.1784344395378077,1,
515.500000000,-21.862750403592145,10.304460640237776,-1.1729630586827224,1,
515.600000000,-21.855647671737284,10.287559092636771,-1.1679476262322275,1,
515.700000000,-21.848460261000376,10.270693380733322,-1.1629321937817327,1,
515.800000000,-21.840527269556933,10.252333978598225,-1.1574608129266475,1,
515.900000000,-21.832493946074074,10.234018255467,-1.1519894320715622,1,
516.000000000,-21.824360531036838,10.21574675963792,-1.1465180512164768,1,
516.100000000,-21.8161272679266,10.197520038085276,-1.141046670361392,1,
516.200000000,-21.808488808606516,10.18085375324652,-1.1360312379108966,1,
516.300000000,-21.80076685708191,10.164225988040013,-1.1310158054604018,1,
516.400000000,-21.79225203945949,10.146129085518947,-1.1255444246053166,1,
516.500000000,-21.783638334734608,10.128079041449402,-1.1200730437502313,1,
516.600000000,-21.774926000766555,10.1100763961763,-1.1146016628951456,1,
516.700000000,-21.766115298367186,10.092121688625639,-1.109130282040061,1,
516.800000000,-21.757206491293104,10.074215456288355,-1.1012117218740722,1,
516.900000000,-21.748156173428374,10.056380329528299,-1.0932931617080834,1,
517.000000000,-21.738964912257494,10.03861742666619,-1.0853746015420955,1,
517.100000000,-21.729633284102572,10.020927861494082,-1.0774560413761072,1,
517.200000000,-21.71621545324744,9.99597311058527,-1.066238081140957,1,
517.300000000,-21.702518531119047,9.971170447381764,-1.055020120905807,1,
517.400000000,-21.691832309535574,9.952322394094665,-1.0464416807259864,1,
517.500000000,-21.68098479623271,9.933566704302267,-1.0378632405461654,1,
517.600000000,-21.66828324996818,9.912033689592525,-1.0270447745038314,1,
517.700000000,-21.65534949734153,9.890639343540528,-1.0162263084614973,1,
517.800000000,-21.643062681777312,9.870803048328586,-1.006129073488652,1,
517.900000000,-21.63057620422338,9.851091825060111,-0.9960318385158071,1,
518.000000000,-21.61879739961048,9.83290655062348,-0.9866558346124512,1,
518.100000000,-21.606848610021956,9.814832512009666,-0.9772798307090945,1,
518.200000000,-21.5678129087185,9.756972754475779,-0.9470762311759723,1,
518.300000000,-21.527047704113983,9.70031822586875,-0.9168726316428499,1,
518.400000000,-21.484590181741947,9.644920605774013,-0.8866690321097274,1,
518.500000000,-21.440479070848028,9.59083042724004,-0.8564654325766053,1,
518.600000000,-21.39708052905899,9.540779482411857,-0.8227114174180161,1,
518.700000000,-21.35201760806337,9.492221644126456,-0.7889574022594275,1,
518.800000000,-21.305950389916518,9.445825324773914,-0.7543394107728763,1,
518.900000000,-21.258304946008096,9.401051239501045,-0.7197214192863253,1,
519.000000000,-21.20913836919021,9.357953040452085,-0.6851034277997743,1,
519.100000000,-21.15850957506672,9.316582371580841,-0.6504854363132233,1,
519.200000000,-21.106479231395507,9.276988806766488,-0.615867444826672,1,
519.300000000,-21.05310968539118,9.239219790409894,-0.5812494533401208,1,
519.400000000,-20.998464889015292,9.203320580581678,-0.5466314618535696,1,
519.500000000,-20.942610322343626,9.169334194790114,-0.5120134703670187,1,
519.600000000,-20.888557781218445,9.13895638835458,-0.4740174083542457,1,
519.700000000,-20.833390293937438,9.110653797077038,-0.43602134634147266,1,
519.800000000,-20.777187496260634,9.084467276513509,-0.39802528432869955,1,
519.900000000,-20.720030518446627,9.060434627614708,-0.3600292223159266,1,
520.000000000,-20.662001868138848,9.038590542159342,-0.3220331603031537,1,
520.100000000,-20.603185311263545,9.018966552675597,-0.2840370982903806,1,
520.200000000,-20.54366575111141,9.001590986923071,-0.24604103627760765,1,
520.300000000,-20.48352910577738,8.986488927000895,-0.20804497426483456,1,
520.400000000,-20.42204628536968,8.973509937359395,-0.1708827923157458,1,
520.500000000,-20.360123698253094,8.962824218750512,-0.13372061036665697,1,
520.600000000,-20.297846851398543,8.954446526750083,-0.09655842841756818,1,
520.700000000,-20.235301740963177,8.948388429851926,-0.05939624646847932,1,
520.800000000,-20.172574733540973,8.944658293493267,-0.02223406451939049,1,
520.900000000,-20.109752446901783,8.943261268503166,0.01492811742969833,1,
521.000000000,-20.03996382330869,8.94430315866719,0.04513171696282079,1,
521.100000000,-19.9702384939396,8.947452120798596,0.07533531649594323,1,
521.200000000,-19.90064006140855,8.952705282451678,0.10553891602906572,1,
521.300000000,-19.83123201257578,8.960057851755016,0.13574251556218817,1,
521.400000000,-19.762077660635793,8.969503121782564,0.16594611509531063,1,
521.500000000,-19.693240087363815,8.981032476671631,0.1961497146284331,1,
521.600000000,-19.619678268990082,8.995649551534601,0.20860865271386447,1,
521.700000000,-19.546304268383526,9.011181970373572,0.22106759079929578,1,
521.800000000,-19.47312947488621,9.027627322197871,0.2310100372610439,1,
521.900000000,-19.400121802441515,9.044799385679239,0.24095248372279196,1,
522.000000000,-19.32728846796207,9.062696463334692,0.25089493018454,1,
522.100000000,-19.254636671126946,9.08131678601256,0.260837376646288,1,
522.200000000,-19.182173593669958,9.100658513067366,0.27077982310803617,1,
522.300000000,-19.109906398669743,9.120719732541785,0.28072226956978413,1,
522.400000000,-19.037842229841676,9.141498461355638,0.2906647160315323,1,
522.500000000,-18.965988210831703,9.162992645501925,0.30060716249328046,1,
522.600000000,-18.894351444512164,9.185200160249861,0.2946880921178197,1,
522.700000000,-18.82258448602503,9.206983265389066,0.288769021742359,1,
522.800000000,-18.750689849746628,9.228341197742095,0.28147305602329264,1,
522.900000000,-18.678641301615784,9.249174025496325,0.27417709030422643,1,
523.000000000,-18.60644267684009,9.26948063970201,0.26688112458516,1,
523.100000000,-18.53409781861585,9.289259959420212,0.2595851588660936,1,
523.200000000,-18.46161057792351,9.308510931780344,0.25228919314702736,1,
523.300000000,-18.38898481332265,9.327232532036213,0.24499322742796104,1,
523.400000000,-18.31622439074661,9.34542376362057,0.23769726170889474,1,
523.500000000,-18.24333318329668,9.363083658198155,0.23040129598982848,1,
523.600000000,-18.170315071035958,9.380211275717246,0.2167284224038082,1,
523.700000000,-18.097069607492095,9.3963389559672,0.20305554881778798,1,
523.800000000,-18.023610485506026,9.411463683965938,0.18938419362033304,1,
523.900000000,-17.949951459299097,9.425582744070882,0.1757128384228781,1,
524.000000000,-17.877747299596958,9.438402147313063,0.16291412291887783,1,
524.100000000,-17.80538498617606,9.45029640534597,0.15011540741487747,1,
524.200000000,-17.737820141462063,9.460515808617103,0.1381893316043317,1,
524.300000000,-17.67013822711939,9.46992872077837,0.12626325579378592,1,
524.400000000,-17.60400226848539,9.478323922980014,0.11462805988105834,1,
524.500000000,-17.53777310885224,9.485949069452744,0.10299286396833078,1,
524.600000000,-17.471459714075642,9.492803127932774,0.09135766805560319,1,
524.700000000,-17.405071061414755,9.498885170543323,0.07972247214287559,1,
524.800000000,-17.330309272929625,9.504858024342344,0.06486306071964151,1,
524.900000000,-17.255466988247004,9.50971934345196,0.05000364929640741,1,
525.000000000,-17.18056073239704,9.513468054502416,0.03514423787317331,1,
525.100000000,-17.10560704453459,9.51610332978564,0.02028482644993921,1,
525.200000000,-17.030622474287405,9.517624587438002,0.0054254150267051,1,
525.300000000,-16.955623578102006,9.518031491568786,-0.009433996396529006,1,
525.400000000,-16.880626915588053,9.517323952334355,-0.02429340781976311,1,
525.500000000,-16.80564904586202,9.515502125957989,-0.03915281924299721,1,
525.600000000,-16.73070652389096,9.512566414695389,-0.04507188961845789,1,
525.700000000,-16.655782691316563,9.509187167388099,-0.05099095999391858,1,
525.800000000,-16.58088017311717,9.505364502429035,-0.055494460580110316,1,
525.900000000,-16.505995629800548,9.50120455384025,-0.059997961166302,1,
526.000000000,-16.431130580136315,9.496707405991668,-0.06450146175249367,1,
526.100000000,-16.356286542498722,9.49187315009212,-0.06900496233868539,1,
526.200000000,-16.28146503483586,9.486701884187486,-0.07350846292487707,1,
526.300000000,-16.20666757463889,9.481193713158708,-0.0780119635110688,1,
526.400000000,-16.131895678911242,9.475348748719664,-0.0825154640972605,1,
526.500000000,-16.05715086413787,9.469167109414904,-0.08701896468345216,1,
526.600000000,-15.982434646254482,9.462648920617243,-0.09152246526964387,1,
526.700000000,-15.907748540616799,9.455794314525214,-0.09602596585583563,1,
526.800000000,-15.833094061969822,9.448603430160398,-0.10052946644202732,1,
526.900000000,-15.75847272441711,9.441076413364597,-0.105032967028219,1,
527.000000000,-15.69880337799548,9.434786016110419,-0.0993612971639815,1,
527.100000000,-15.639099314422976,9.428834143049734,-0.09368962729974399,1,
527.200000000,-15.584340525926645,9.423688748758327,-0.08849059659085966,1,
527.300000000,-15.529555726549075,9.418828115346999,-0.0832915658819753,1,
527.400000000,-15.478068174657109,9.414529691843386,-0.07840762794332636,1,
527.500000000,-15.426560243676173,9.410482780612869,-0.07352369000467739,1,
527.600000000,-15.378357490050988,9.406932336406735,-0.06895484483626389,1,
527.700000000,-15.33013901815199,9.403602159408948,-0.06438599966785033,1,
527.800000000,-15.276916194819036,9.40017061152007,-0.060188575308686765,1,
527.900000000,-15.22367943671472,9.396962491979425,-0.05599115094952323,1,
528.000000000,-15.17375779146589,9.394164396975686,-0.05205606561280741,1,
528.100000000,-15.123825522018116,9.391562769063238,-0.04812098027609159,1,
528.200000000,-15.077212876263207,9.389317989896988,-0.044448233961823465,1,
528.300000000,-15.030592300402587,9.38724442190872,-0.04077548764755536,1,
528.400000000,-14.987294985953481,9.385477973700317,-0.03736508035573498,1,
528.500000000,-14.943991899000846,9.38385919695525,-0.0339546730639146,1,
528.600000000,-14.904014955182015,9.382501270997754,-0.030806604794541923,1,
528.700000000,-14.864033934618892,9.381269201709475,-0.02765853652516926,1,
528.800000000,-14.82738129195995,9.380255184668027,-0.025929380421640467,1,
528.900000000,-14.790726950703462,9.379304547251703,-0.024200224318111665,1,
529.000000000,-14.715748911538787,9.377489707583683,-0.01969672373192018,1,
529.100000000,-14.640763459603155,9.376012548821425,-0.015193223145728693,1,
529.200000000,-14.56577211571275,9.374873100923901,-0.010689722559537203,1,
529.300000000,-14.490776400803261,9.374071387000804,-0.006186221973345715,1,
529.400000000,-14.415777835899021,9.37360742331208,-0.0016827213871542287,1,
529.500000000,-14.34077794208217,9.373481219267603,0.0028207791990372587,1,
529.600000000,-14.265778240461795,9.373692777426976,0.007324279785228745,1,
529.700000000,-14.19078025214309,9.374242093499488,0.011827780371420236,1,
529.800000000,-14.115785498196502,9.375129156344192,0.019123746090486324,1,
529.900000000,-14.04079921219096,9.37656334987893,0.026419711809552417,1,
530.000000000,-13.965825385712431,9.37854459776032,0.033715677528618496,1,
530.100000000,-13.89086800968365,9.38107279452479,0.0410116432476846,1,
530.200000000,-13.815931074151678,9.384147805594207,0.048307608966750695,1,
530.300000000,-13.74101856807551,9.387769467283025,0.055603574685816795,1,
530.400000000,-13.666134479113744,9.391937586807007,0.06289954040488287,1,
530.500000000,-13.591282793412304,9.396651942293483,0.07019550612394894,1,
530.600000000,-13.516467495392265,9.401912282793164,0.06569200553775724,1,
530.700000000,-13.441629266188386,9.406835640349513,0.06118850495156556,1,
530.800000000,-13.36676962363096,9.411421915109534,0.05526943457610484,1,
530.900000000,-13.291884146113693,9.415565012623595,0.04935036420064417,1,
531.000000000,-13.216975457271145,9.419264787737067,0.04343129382518349,1,
531.100000000,-13.142046181551088,9.422521110827246,0.0375122234497228,1,
531.200000000,-13.067098944122563,9.425333867807904,0.0315931530742621,1,
531.300000000,-12.992136370783903,9.42770296013328,0.025674082698801413,1,
531.400000000,-12.917161087870744,9.42962830480153,0.019755012323340728,1,
531.500000000,-12.842175722163999,9.431109834357647,0.01383594194788005,1,
531.600000000,-12.767182900797838,9.432147496895807,0.00791687157241936,1,
531.700000000,-12.692185251167643,9.4327412560612,0.001997801196958675,1,
531.800000000,-12.617185400837954,9.432891091051301,0.00045117205838845754,1,
531.900000000,-12.542185408471312,9.432924928954533,-0.0010954570801817594,1,
532.000000000,-12.46718545347229,9.432842769689952,-0.0026420862187519767,1,
532.100000000,-12.392185715245372,9.432644613454087,-0.004188715357322193,1,
532.200000000,-12.317186373194522,9.432330460720943,-0.0057353444958924095,1,
532.300000000,-12.242187606722759,9.43190031224199,-0.007281973634462627,1,
532.400000000,-12.167189595231722,9.43135416904617,-0.008828602773032847,1,
532.500000000,-12.092192518121246,9.430692032439891,-0.01037523191160306,1,
532.600000000,-12.017196554788931,9.429913904007025,-0.011921861050173281,1,
532.700000000,-11.942201884629712,9.429019785608903,-0.013468490188743494,1,
532.800000000,-11.867208687035431,9.42800967938431,-0.015015119327313711,1,
532.900000000,-11.792217141394406,9.426883587749483,-0.016561748465883933,1,
533.000000000,-11.717227427091006,9.425641513398102,-0.015015119327313944,1,
533.100000000,-11.642235881449981,9.424515421763275,-0.013468490188743958,1,
533.200000000,-11.5672426838557,9.423505315538682,-0.011921861050173975,1,
533.300000000,-11.49224801369648,9.42261119714056,-0.010375231911603985,1,
533.400000000,-11.417252050364166,9.421833068707693,-0.008828602773034,1,
533.500000000,-11.34225497325369,9.421170932101415,-0.007281973634464012,1,
533.600000000,-11.267256961762653,9.420624788905595,-0.0057353444958940245,1,
533.700000000,-11.19225819529089,9.420194640426642,-0.0041887153573240375,1,
533.800000000,-11.11725885324004,9.419880487693497,-0.0026420862187540514,1,
533.900000000,-11.042259115013122,9.419682331457633,-0.0010954570801840645,1,
534.000000000,-10.9672591600141,9.419600172193052,0.00045117205838592246,1,
534.100000000,-10.892259167647458,9.419634010096283,0.00199780119695591,1,
534.200000000,-10.817259317317768,9.419783845086384,0.003544430335525897,1,
534.300000000,-10.742259788429266,9.420049676804942,0.005091059474095884,1,
534.400000000,-10.667260760385412,9.420431504616069,0.0066376886126658695,1,
534.500000000,-10.592262412588475,9.42092932760641,0.00818431775123586,1,
534.600000000,-10.517264924439093,9.421543144585144,0.019400342187255715,1,
534.700000000,-10.442279037994307,9.422998078978775,0.030616366623275583,1,
534.800000000,-10.367314186320066,9.425293947759636,0.04307530470870694,1,
534.900000000,-10.292383756132281,9.428523596637383,0.05553424279413828,1,
535.000000000,-10.217499378366885,9.432686524295807,0.06799318087956965,1,
535.100000000,-10.142672676811404,9.437782084552245,0.08045211896500103,1,
535.200000000,-10.067915266300687,9.443809486457882,0.09291105705043237,1,
535.300000000,-9.993238750914008,9.450767794420528,0.10536999513586373,1,
535.400000000,-9.918654722173846,9.45865592834984,0.1178289332212951,1,
535.500000000,-9.844174757246616,9.467472663824976,0.13028787130672645,1,
535.600000000,-9.770311387619174,9.477150990063038,0.15579312403223305,1,
535.700000000,-9.696718862806385,9.488709868173377,0.18129837675773955,1,
535.800000000,-9.623445053469023,9.502141779306296,0.2068036294832462,1,
535.900000000,-9.550537622948974,9.517437986236608,0.23230888220875276,1,
536.000000000,-9.47804399626506,9.534588539047048,0.2578141349342593,1,
536.100000000,-9.40601132926388,9.553582281600528,0.2833193876597658,1,
536.200000000,-9.334486477945763,9.574406858797003,0.30882464038527246,1,
536.300000000,-9.263515967985741,9.597048724610252,0.33432989311077904,1,
536.400000000,-9.19314596446941,9.621493150899333,0.3598351458362856,1,
536.500000000,-9.123422241863343,9.647724236988987,0.3853403985617922,1,
536.600000000,-9.05439015423959,9.675724920012746,0.4108456512872989,1,
536.700000000,-8.98609460577364,9.705476986012034,0.43635090401280535,1,
536.800000000,-8.918580021535044,9.73696108178403,0.46185615673831193,1,
536.900000000,-8.851890318589666,9.770156727470592,0.4873614094638185,1,
537.000000000,-8.786068877432397,9.80504232988005,0.5128666621893252,1,
537.100000000,-8.721158513768899,9.841595196533202,0.5383719149148316,1,
537.200000000,-8.657201450664727,9.879791550424374,0.5638771676403382,1,
537.300000000,-8.594239291079962,9.919606545487957,0.5893824203658449,1,
537.400000000,-8.5323129908072,9.961014282760338,0.6148876730913514,1,
537.500000000,-8.47146283183053,10.003987827226725,0.6403929258168582,1,
537.600000000,-8.411323253645607,10.048801119180558,0.6540657994028785,1,
537.700000000,-8.351802004228924,10.094432477563549,0.6677386729888981,1,
537.800000000,-8.292910210754243,10.140873371841499,0.6801976110743296,1,
537.900000000,-8.234601577221401,10.188044371995542,0.6926565491597609,1,
538.000000000,-8.176885154479017,10.235938155995372,0.7051154872451922,1,
538.100000000,-8.119769901450901,10.284547289617915,0.7175744253306235,1,
538.200000000,-8.063264683745418,10.333864227601289,0.7300333634160548,1,
538.300000000,-8.00737827227934,10.383881314816001,0.7424923015014862,1,
538.400000000,-7.952119341916395,10.434590787453205,0.7549512395869175,1,
538.500000000,-7.897496470120735,10.48598477422982,0.7674101776723488,1,
538.600000000,-7.843518135625505,10.538055297610338,0.7798691157577798,1,
538.700000000,-7.790192717116756,10.590794275045123,0.7923280538432114,1,
538.800000000,-7.737528491932876,10.64419352022501,0.8047869919286426,1,
538.900000000,-7.685533634779752,10.698244744352001,0.8172459300140741,1,
539.000000000,-7.634216216461873,10.752939557425892,0.8172459300140739,1,
539.100000000,-7.582898798143994,10.807634370499782,0.8172459300140738,1,
539.200000000,-7.531581379826115,10.862329183573673,0.8172459300140736,1,
539.300000000,-7.480263961508236,10.917023996647563,0.8172459300140738,1,
539.400000000,-7.4289465431903565,10.971718809721454,0.8172459300140735,1,
539.500000000,-7.3776291248724775,11.026413622795344,0.8172459300140734,1,
539.600000000,-7.326311706554598,11.081108435869234,0.8141990553083255,1,
539.700000000,-7.274827878453117,11.13564663756325,0.8111521806025779,1,
539.800000000,-7.223178118514974,11.19002772157536,0.8081053058968298,1,
539.900000000,-7.171362906227529,11.244251183062127,0.805058431191082,1,
540.000000000,-7.119382722614107,11.298316518643395,0.8020115564853344,1,
540.100000000,-7.067238050229537,11.352223226406954,0.7989646817795863,1,
540.200000000,-7.014929373155664,11.40597080591321,0.7959178070738385,1,
540.300000000,-6.962457176996867,11.459558758199826,0.7928709323680907,1,
540.400000000,-6.909821948875538,11.512986585786354,0.7898240576623429,1,
540.500000000,-6.857024177427571,11.566253792678854,0.7867771829565949,1,
540.600000000,-6.80406435279782,11.619359884374497,0.7867771829565948,1,
540.700000000,-6.751104528168068,11.67246597607014,0.7867771829565949,1,
540.800000000,-6.698144703538317,11.725572067765782,0.7867771829565948,1,
540.900000000,-6.645184878908565,11.778678159461425,0.7867771829565945,1,
541.000000000,-6.5922250542788134,11.831784251157067,0.7867771829565945,1,
541.100000000,-6.539265229649062,11.88489034285271,0.7867771829565945,1,
541.200000000,-6.48630540501931,11.937996434548353,0.7867771829565945,1,
541.300000000,-6.433345580389559,11.991102526243996,0.7867771829565945,1,
541.400000000,-6.380385755759807,12.044208617939638,0.7867771829565943,1,
541.500000000,-6.327425931130056,12.097314709635281,0.7867771829565939,1,
541.600000000,-6.274466106500304,12.150420801330924,0.7867771829565939,1,
541.700000000,-6.221506281870552,12.203526893026565,0.7867771829565937,1,
541.800000000,-6.168546457240801,12.256632984722206,0.7867771829565939,1,
541.900000000,-6.115586632611049,12.309739076417847,0.7867771829565936,1,
542.000000000,-6.062626807981298,12.362845168113488,0.7867771829565935,1,
542.100000000,-6.009666983351546,12.415951259809129,0.7867771829565935,1,
542.200000000,-5.956707158721795,12.46905735150477,0.7867771829565933,1,
542.300000000,-5.903747334092043,12.52216344320041,0.7867771829565935,1,
542.400000000,-5.850787509462291,12.575269534896051,0.7867771829565929,1,
542.500000000,-5.797827684832539,12.628375626591692,0.7867771829565928,1,
542.600000000,-5.7448678602027865,12.681481718287333,0.7867771829565926,1,
542.700000000,-5.691908035573034,12.734587809982974,0.7867771829565926,1,
542.800000000,-5.638948210943282,12.787693901678615,0.7867771829565923,1,
542.900000000,-5.585988386313529,12.840799993374256,0.786777182956592,1,
543.000000000,-5.533028561683777,12.893906085069897,0.7867771829565923,1,
543.100000000,-5.480068737054024,12.947012176765538,0.786777182956592,1,
543.200000000,-5.427108912424272,13.00011826846118,0.7867771829565919,1,
543.300000000,-5.374149087794519,13.05322436015682,0.7867771829565918,1,
543.400000000,-5.321189263164767,13.106330451852461,0.7867771829565917,1,
543.500000000,-5.268229438535014,13.159436543548102,0.7867771829565917,1,
543.600000000,-5.215269613905262,13.212542635243743,0.7867771829565916,1,
543.700000000,-5.162309789275509,13.265648726939384,0.7867771829565917,1,
543.800000000,-5.109349964645757,13.318754818635025,0.7867771829565916,1,
543.900000000,-5.0563901400160045,13.371860910330666,0.7867771829565914,1,
544.000000000,-5.003430315386252,13.424967002026307,0.786777182956591,1,
544.100000000,-4.9504704907565,13.478073093721948,0.7867771829565908,1,
544.200000000,-4.897510666126747,13.531179185417589,0.7867771829565908,1,
544.300000000,-4.844550841496995,13.58428527711323,0.7867771829565907,1,
544.400000000,-4.791591016867242,13.63739136880887,0.7867771829565908,1,
544.500000000,-4.73863119223749,13.690497460504512,0.7867771829565907,1,
544.600000000,-4.685671367607737,13.743603552200153,0.7867771829565905,1,
544.700000000,-4.632711542977985,13.796709643895793,0.7867771829565904,1,
544.800000000,-4.579751718348232,13.849815735591434,0.7867771829565904,1,
544.900000000,-4.52679189371848,13.902921827287075,0.7867771829565904,1,
545.000000000,-4.473832069088727,13.956027918982716,0.77556115852057,1,
545.100000000,-4.420279948842201,14.008536684128181,0.76434513408455,1,
545.200000000,-4.366142269722384,14.06044151723185,0.7531291096485299,1,
545.300000000,-4.311425842134828,14.111735888775478,0.7419130852125095,1,
545.400000000,-4.25613754929042,14.162413346035594,0.7306970607764897,1,
545.500000000,-4.200284346339484,14.21246751389524,0.7194810363404693,1,
545.600000000,-4.143873259496843,14.261892095645942,0.7082650119044496,1,
545.700000000,-4.086911385157933,14.310680873779836,0.6970489874684295,1,
545.800000000,-4.0294058890060915,14.358827710771799,0.6766189050577839,1,
545.900000000,-3.9709288180744453,14.405789739851206,0.656188822647139,1,
546.000000000,-3.9115045791573637,14.451547360299887,0.6357587402364936,1,
546.100000000,-3.85115797437227,14.496081474088216,0.6153286578258484,1,
546.200000000,-3.7899141908078895,14.539373493846126,0.5948985754152032,1,
546.300000000,-3.727798790011817,14.581405350620997,0.5744684930045578,1,
546.400000000,-3.6648376973218006,14.622159501419159,0.5540384105939125,1,
546.500000000,-3.6010571910451863,14.661618936527871,0.5336083281832673,1,
546.600000000,-3.5369189026323022,14.699510193183679,0.5081030754577606,1,
546.700000000,-3.471835153340496,14.735753440135516,0.4825978227322539,1,
546.800000000,-3.406704426687165,14.769876551249522,0.45612603681698205,1,
546.900000000,-3.340693324859887,14.802263781789325,0.4296542509017104,1,
547.000000000,-3.2738481027967854,14.832892437551932,0.4031824649864387,1,
547.100000000,-3.2062155999161535,14.861741056593246,0.376710679071167,1,
547.200000000,-3.137843207295391,14.888789424266767,0.3502388931558953,1,
547.300000000,-3.068778834463388,14.914018587388277,0.3237671072406235,1,
547.400000000,-2.9990708758296245,14.937410867516626,0.29729532132535175,1,
547.500000000,-2.9287681767734997,14.95894987334126,0.27082353541008003,1,
547.600000000,-2.8579199994176694,14.978620512167858,0.24435174949480842,1,
547.700000000,-2.786575988109359,14.996409000494,0.2178799635795366,1,
547.800000000,-2.7133491448127303,15.012621015199489,0.19639946008342157,1,
547.900000000,-2.639790979281098,15.027256461336215,0.17491895658730647,1,
548.000000000,-2.565935430831945,15.040308586192912,0.15343845309119145,1,
548.100000000,-2.491816575993534,15.051771367593712,0.13195794959507645,1,
548.200000000,-2.4174686127821916,15.061639516676744,0.11047744609896132,1,
548.300000000,-2.34292584492354,15.069908480334375,0.08899694260284631,1,
548.400000000,-2.268222666024953,15.076574443313998,0.06751643910673125,1,
548.500000000,-2.193393543706542,15.081634329978366,0.0460359356106162,1,
548.600000000,-2.1184730036979924,15.085085805724667,0.03357699752518466,1,
548.700000000,-2.043515277779672,15.087603607375696,0.02111805943975312,1,
548.800000000,-1.9685320011244392,15.089187344110398,0.00865912135432158,1,
548.900000000,-1.8935348128712188,15.0898367700962,-0.003799816731109962,1,
549.000000000,-1.818535354318337,15.089551784527167,-0.0162587548165415,1,
549.100000000,-1.7435452671165226,15.088332431639651,-0.028717692901973037,1,
549.200000000,-1.6685761914618547,15.086178900705425,-0.041176630987404574,1,
549.300000000,-1.5936397642889335,15.083091526002303,-0.05363556907283613,1,
549.400000000,-1.5187476174645602,15.079070786762248,-0.06609450715826767,1,
549.500000000,-1.4439113759822015,15.074117307096992,-0.07855344524369919,1,
549.600000000,-1.369142656157522,15.068231855901157,-0.08010007438226945,1,
549.700000000,-1.2943831283652039,15.062230772309869,-0.08164670352083965,1,
549.800000000,-1.2196329714346144,15.056114070678088,-0.08164670352083978,1,
549.900000000,-1.1448828145040248,15.049997369046308,-0.0816467035208399,1,
550.000000000,-1.0701326575734353,15.043880667414527,-0.08164670352084002,1,
550.100000000,-0.9953825006428457,15.037763965782746,-0.08164670352084015,1,
550.200000000,-0.9206323437122561,15.031647264150966,-0.08164670352084027,1,
550.300000000,-0.8458821867816665,15.025530562519185,-0.0816467035208404,1,
550.400000000,-0.7711320298510769,15.019413860887404,-0.08164670352084052,1,
550.500000000,-0.6963818729204873,15.013297159255623,-0.08164670352084065,1,
550.600000000,-0.6216317159898976,15.007180457623843,-0.08164670352084077,1,
550.700000000,-0.546881559059308,15.001063755992062,-0.0816467035208409,1,
550.800000000,-0.4721314021287184,14.994947054360281,-0.08164670352084102,1,
550.900000000,-0.3973812451981288,14.9888303527285,-0.08164670352084115,1,
551.000000000,-0.32263108826753917,14.98271365109672,-0.07435073780177506,1,
551.100000000,-0.24783829399575913,14.977142482007634,-0.06705477208270896,1,
551.200000000,-0.17300684366901886,14.972117142019474,-0.0611357017072485,1,
551.300000000,-0.09814695904576745,14.96753482009784,-0.05521663133178801,1,
551.400000000,-0.023261262863908297,14.96339567678572,-0.04792066561272192,1,
551.500000000,0.05165263898200134,14.959803002263666,-0.04062469989365583,1,
551.600000000,0.12659075875906856,14.956756987772904,-0.03612119930746434,1,
551.700000000,0.20154183628970052,14.954048486896552,-0.03161769872127287,1,
551.800000000,0.2765043514548736,14.951677554567025,-0.02711419813508137,1,
551.900000000,0.35147678390359205,14.949644238870349,-0.022610697548889887,1,
552.000000000,0.4264576130837228,14.94794858104518,-0.018107196962698403,1,
552.100000000,0.5014453182728347,14.946590615481977,-0.013603696376506913,1,
552.200000000,0.5764383786090408,14.945570369722294,-0.009100195790315417,1,
552.300000000,0.6514352731218439,14.944887864458227,-0.004596695204123931,1,
552.400000000,0.7264344807629841,14.944543113531996,-9.319461793244438e-05,1,
552.500000000,0.8014344804372877,14.944536123935661,0.004410305968259043,1,
552.600000000,0.8764337510335175,14.944866895810982,0.024840388378904094,1,
552.700000000,0.9514106130397637,14.946729733349876,0.04527047078954915,1,
552.800000000,1.0263337730819855,14.950123859052853,0.06778273815887424,1,
552.900000000,1.1011615453041295,14.95520367246192,0.09029500552819933,1,
553.000000000,1.1758560084295406,14.961966599225281,0.11280727289752444,1,
553.100000000,1.2503793087400517,14.970409212021648,0.13531954026684956,1,
553.200000000,1.3246936792595199,14.980527232297137,0.15783180763617466,1,
553.300000000,1.3987614588934048,14.992315532433555,0.18034407500549976,1,
553.400000000,1.4725451115146866,15.005768138346983,0.2028563423748248,1,
553.500000000,1.5460072449864546,15.020878232515326,0.22536860974415,1,
553.600000000,1.6191106301115226,15.037638157433296,0.22232173503840214,1,
553.700000000,1.6922647412235006,15.054175268045986,0.21927486033265434,1,
553.800000000,1.7595085440557705,15.069161097146457,0.25038143471617236,1,
553.900000000,1.8262537336875933,15.086231063584203,0.2814880090996903,1,
554.000000000,1.8915785323003698,15.105120778572491,0.3134869014165168,1,
554.100000000,1.9562655429765323,15.126090788012656,0.34548579373334326,1,
554.200000000,2.020248536454305,15.149119621933675,0.37748468605016966,1,
554.300000000,2.0834620042741068,15.174183702454082,0.4094835783669962,1,
554.400000000,2.145841225848848,15.201257367921984,0.4414824706838229,1,
554.500000000,2.2073223347275692,15.230312899188533,0.47348136300064936,1,
554.600000000,2.267842383984579,15.261320547987944,0.5054802553174758,1,
554.700000000,2.3273394106671446,15.29424856739502,0.5374791476343024,1,
554.800000000,2.391764561843459,15.332646482649745,0.562002875136972,1,
554.900000000,2.4552287752967614,15.372612638466306,0.5865266026396415,1,
555.000000000,2.5176938847235464,15.414122999875234,0.6110503301423112,1,
555.100000000,2.579122324664555,15.457152603247957,0.6355740576449812,1,
555.200000000,2.6394771530960064,15.50167557130951,0.6600977851476508,1,
555.300000000,2.698722073645904,15.547665128700688,0.6846215126503209,1,
555.400000000,2.7568214574220615,15.595093618080288,0.7091452401529905,1,
555.500000000,2.813740364438713,15.643932516757774,0.73366896765566,1,
555.600000000,2.869444564628831,15.694152453846337,0.7423053703479662,1,
555.700000000,2.9247129732064714,15.744851595982029,0.7509417730402725,1,
555.800000000,2.9795414678675147,15.796026161668548,0.7582377387593388,1,
555.900000000,3.0339951386795767,15.84759938859,0.7655337044784049,1,
556.000000000,3.0880710870258605,15.899568531458149,0.7728296701974712,1,
556.100000000,3.1417664343960676,15.951930823909805,0.7801256359165369,1,
556.200000000,3.195078322539625,16.00468347865408,0.7874216016356034,1,
556.300000000,3.248003913617831,16.05782368762076,0.7947175673546693,1,
556.400000000,3.300540390354917,16.11134862210978,0.8020135330737356,1,
556.500000000,3.3526849561880128,16.165255432941787,0.8093094987928015,1,
556.600000000,3.4044348354160103,16.219541250609826,0.8166054645118676,1,
556.700000000,3.4557872733473167,16.27420318543207,0.8239014302309338,1,
556.800000000,3.506739536446489,16.329238327705646,0.8311973959499999,1,
556.900000000,3.5572889124797427,16.384643747861517,0.8384933616690659,1,
557.000000000,3.607432710659326,16.440416496620433,0.8354464869633182,1,
557.100000000,3.657746208400018,16.49603620486398,0.8323996122575702,1,
557.200000000,3.708228938619568,16.55150235625003,0.8293527375518223,1,
557.300000000,3.7588804326646645,16.60681443586199,0.8263058628460745,1,
557.400000000,3.8097002203152885,16.661971930213575,0.8232589881403265,1,
557.500000000,3.8606878297890774,16.7169743272536,0.8202121134345789,1,
557.600000000,3.911842787745705,16.7718211163707,0.8171652387288313,1,
557.700000000,3.9631646192912764,16.826511788398093,0.8141183640230832,1,
557.800000000,4.014652847982735,16.881045835618302,0.8110714893173355,1,
557.900000000,4.066306995832286,16.935422751767867,0.8080246146115876,1,
558.000000000,4.118126583311837,16.98964203204204,0.8049777399058398,1,
558.100000000,4.170111129357445,17.043703173099473,0.801930865200092,1,
558.200000000,4.222260151373785,17.09760567306691,0.798883990494344,1,
558.300000000,4.274573165238628,17.15134903154381,0.7958371157885965,1,
558.400000000,4.3270496853073395,17.204932749607025,0.7927902410828485,1,
558.500000000,4.379689224417382,17.258356329815413,0.7897433663771007,1,
558.600000000,4.432491293892844,17.31161927621447,0.7866964916713526,1,
558.700000000,4.485455403548971,17.36472109434091,0.7836496169656052,1,
558.800000000,4.53858106169672,17.41766129122729,0.7836496169656046,1,
558.900000000,4.59170671984447,17.47060148811367,0.7836496169656049,1,
559.000000000,4.644832377992219,17.523541685000048,0.7836496169656046,1,
559.100000000,4.697958036139968,17.576481881886426,0.7836496169656045,1,
559.200000000,4.7510836942877175,17.629422078772805,0.7836496169656044,1,
559.300000000,4.804209352435467,17.682362275659184,0.7836496169656045,1,
559.400000000,4.857335010583216,17.735302472545563,0.7836496169656041,1,
559.500000000,4.910460668730965,17.78824266943194,0.7836496169656039,1,
559.600000000,4.963586326878715,17.84118286631832,0.7836496169656039,1,
559.700000000,5.016711985026464,17.8941230632047,0.7836496169656036,1,
559.800000000,5.069837643174213,17.947063260091078,0.7836496169656039,1,
559.900000000,5.122963301321962,18.000003456977456,0.7836496169656034,1,
560.000000000,5.176088959469712,18.052943653863835,0.7836496169656036,1,
560.100000000,5.229214617617461,18.105883850750214,0.7836496169656034,1,
560.200000000,5.28234027576521,18.158824047636593,0.7836496169656033,1,
560.300000000,5.3354659339129595,18.21176424452297,0.7836496169656032,1,
560.400000000,5.388591592060709,18.26470444140935,0.7836496169656032,1,
560.500000000,5.441717250208458,18.31764463829573,0.7836496169656029,1,
560.600000000,5.494842908356207,18.370584835182107,0.7836496169656026,1,
560.700000000,5.547968566503957,18.423525032068486,0.7836496169656029,1,
560.800000000,5.601094224651706,18.476465228954865,0.7836496169656026,1,
560.900000000,5.654219882799455,18.529405425841244,0.7836496169656024,1,
561.000000000,5.7073455409472045,18.582345622727622,0.7836496169656023,1,
561.100000000,5.760471199094954,18.635285819614,0.7836496169656023,1,
561.200000000,5.813596857242703,18.68822601650038,0.7836496169656023,1,
561.300000000,5.866722515390452,18.74116621338676,0.7836496169656021,1,
561.400000000,5.919848173538202,18.794106410273137,0.7836496169656023,1,
561.500000000,5.972973831685951,18.847046607159516,0.783649616965602,1,
561.600000000,6.0260994898337,18.899986804045895,0.7836496169656018,1,
561.700000000,6.079225147981449,18.952927000932274,0.7836496169656018,1,
561.800000000,6.132350806129199,19.005867197818652,0.7836496169656015,1,
561.900000000,6.185476464276948,19.05880739470503,0.7836496169656018,1,
562.000000000,6.238602122424697,19.11174759159141,0.7836496169656014,1,
562.100000000,6.2917277805724465,19.16468778847779,0.7836496169656014,1,
562.200000000,6.344853438720196,19.217627985364167,0.7836496169656012,1,
562.300000000,6.397979096867945,19.270568182250546,0.783649616965601,1,
562.400000000,6.451104755015694,19.323508379136925,0.7836496169656011,1,
562.500000000,6.504230413163444,19.376448576023304,0.7836496169656006,1,
562.600000000,6.557356071311193,19.429388772909682,0.7836496169656008,1,
562.700000000,6.610481729458942,19.48232896979606,0.7836496169656006,1,
562.800000000,6.6636073876066915,19.53526916668244,0.7836496169656004,1,
562.900000000,6.716733045754441,19.58820936356882,0.7836496169656004,1,
563.000000000,6.76985870390219,19.641149560455197,0.7836496169656,1,
563.100000000,6.822984362049939,19.694089757341576,0.7836496169656001,1,
563.200000000,6.876110020197689,19.747029954227955,0.7836496169656,1,
563.300000000,6.929235678345438,19.799970151114334,0.7836496169655999,1,
563.400000000,6.982361336493187,19.852910348000712,0.7836496169655995,1,
563.500000000,7.035486994640936,19.90585054488709,0.7836496169655999,1,
563.600000000,7.088612652788686,19.95879074177347,0.7836496169655995,1,
563.700000000,7.141738310936435,20.01173093865985,0.7836496169655993,1,
563.800000000,7.194863969084184,20.064671135546227,0.7836496169655993,1,
563.900000000,7.2479896272319335,20.117611332432606,0.7836496169655995,1,
564.000000000,7.301115285379683,20.170551529318985,0.776353651246533,1,
564.100000000,7.354625775999576,20.223102717636838,0.7690576855274665,1,
564.200000000,7.408155193084898,20.274910717771917,0.7945629382529729,1,
564.300000000,7.460345967313438,20.32806700109681,0.8200681909784799,1,
564.400000000,7.510504808242821,20.381830268697563,0.8465399768937513,1,
564.500000000,7.559223032162377,20.436902338974733,0.8730117628090227,1,
564.600000000,7.606466501504778,20.493244622128536,0.8994835487242944,1,
564.700000000,7.652202112084657,20.55081763830257,0.9259553346395659,1,
564.800000000,7.696397816295188,20.609581045247918,0.9524271205548375,1,
564.900000000,7.7390226455643125,20.669493666591567,0.9788989064701091,1,
565.000000000,7.780046732054866,20.73051352068927,1.005370692385381,1,
565.100000000,7.819441329593407,20.792597850042707,1.0318424783006521,1,
565.200000000,7.857178833813076,20.855703151260276,1.058314264215924,1,
565.300000000,7.893232801496379,20.919785205540556,1.0847860501311961,1,
565.400000000,7.927577969104332,20.98479910965707,1.1112578360464673,1,
565.500000000,7.960190270478993,21.050699307422615,1.1377296219617392,1,
565.600000000,7.9910468537069645,21.117439621611155,1.164201407877011,1,
565.700000000,8.020126097132064,21.184973286314868,1.1906731937922823,1,
565.800000000,8.044861751523117,21.246881216713895,1.171304736700178,1,
565.900000000,8.070791752554287,21.30829847398714,1.1519362796080734,1,
566.000000000,8.088558688195741,21.348205702529704,1.0956198107386506,1,
566.100000000,8.108543703377032,21.387049621748027,1.0393033418692281,1,
566.200000000,8.128220355114674,21.42051762419788,0.9781270177846769,1,
566.300000000,8.149906370472612,21.45272002394515,0.9169506937001259,1,
566.400000000,8.173520613923095,21.483536339718604,0.8557743696155748,1,
566.500000000,8.19897473571292,21.512851276107696,0.7945980455310239,1,
566.600000000,8.237314494180843,21.55190304761741,0.749324437129828,1,
566.700000000,8.27738237755511,21.589179617461372,0.7040508287286324,1,
566.800000000,8.33416423341415,21.637400859841613,0.6785455760031258,1,
566.900000000,8.392157383100269,21.684158340109203,0.6530403232776192,1,
567.000000000,8.45132410307561,21.729421643334334,0.6275350705521127,1,
567.100000000,8.511625906415201,21.773161326523446,0.6020298178266057,1,
567.200000000,8.57302356784203,21.815348937771383,0.5765245651010991,1,
567.300000000,8.635477149242412,21.85595703476886,0.5510193123755923,1,
567.400000000,8.699376496570308,21.895223730721906,0.5264955848729223,1,
567.500000000,8.764219499136376,21.932911726399798,0.5019718573702525,1,
567.600000000,8.82996716145668,21.968998356880004,0.4774481298675826,1,
567.700000000,8.89657994400023,22.00346192027391,0.45292440236491277,1,
567.800000000,8.964017786967373,22.036281690777965,0.42840067486224315,1,
567.900000000,9.03224013438109,22.06743793113784,0.40387694735957325,1,
568.000000000,9.101205958476665,22.09691190451806,0.3793532198569034,1,
568.100000000,9.1708737843751,22.124685885770038,0.3548294923542335,1,
568.200000000,9.241201715025392,22.150743172091673,0.3323172249849082,1,
568.300000000,9.312098384302725,22.175210748297346,0.30980495761558297,1,
568.400000000,9.383527863137855,22.198076214689742,0.2893748752049376,1,
568.500000000,9.455409546445011,22.219477700734632,0.2689447927942925,1,
568.600000000,9.527713432696494,22.239406274013536,0.24851471038364728,1,
568.700000000,9.600409344148176,22.2578536168631,0.22808462797300216,1,
568.800000000,9.6734669394349,22.274812029846657,0.20765454556235696,1,
568.900000000,9.746855726234179,22.2902744349678,0.18722446315171173,1,
569.000000000,9.791338161973362,22.29870132861688,0.13249807164345373,1,
569.100000000,9.836214945694174,22.30468245800347,0.07777168013519577,1,
569.200000000,9.842116124695421,22.305142330152066,-0.016309249329844667,1,
569.300000000,9.848034408036268,22.305045798834463,-0.11039017879488507,1,
569.400000000,9.851062737159804,22.304710136472533,-0.2073433039202524,1,
569.500000000,9.854044351866047,22.304082904262597,-0.3042964290456196,1,
569.600000000,9.85695124719698,22.30316999351303,-0.40124955417098684,1,
569.700000000,9.85975611999987,22.301979978781496,-0.49820267929635403,1,
569.800000000,9.86243262537344,22.30052403733799,-0.5951558044217212,1,
569.900000000,9.864955624113596,22.298815844181803,-0.6921089295470886,1,
570.000000000,9.867301418834607,22.296871443598448,-0.7890620546724558,1,
570.100000000,9.869447976547923,22.294709098462935,-0.8860151797978234,1,
570.200000000,9.880299294719952,22.28142068249142,-0.9688590408061196,1,
570.300000000,9.890013792420255,22.26727990318003,-1.0517029018144164,1,
570.400000000,9.89796122279783,22.25337019871379,-1.135682866610192,1,
570.500000000,9.904713880579468,22.23884287477479,-1.2196628314059677,1,
570.600000000,9.91022416972101,22.223800327067664,-1.3036427962017432,1,
570.700000000,9.914453251001843,22.208348582846874,-1.387622760997519,1,
570.800000000,9.916943778067298,22.194904448408945,-1.4739498872743813,1,
570.900000000,9.91826587822746,22.181295645117864,-1.5602770135512432,1,
571.000000000,9.918422186149478,22.166437055694136,-1.645417601993936,1,
571.100000000,9.917314386678358,22.15161899603164,-1.7305581904366278,1,
571.200000000,9.915530106635657,22.140545805339567,-1.819342165856866,1,
571.300000000,9.912771023545206,22.12967443615837,-1.9081261412771036,1,
571.400000000,9.909912645590756,22.121524765640846,-1.9994897384336328,1,
571.500000000,9.906322641450132,22.113669873894615,-2.0908533355901633,1,
571.600000000,9.896170328497947,22.09594083517346,-2.170423253058384,1,
571.700000000,9.88464092761618,22.079074857954136,-2.2499931705266056,1,
571.800000000,9.85026354275457,22.036493484708284,-2.295266778927801,1,
571.900000000,9.813994229619537,21.995511600147683,-2.3405403873289967,1,
572.000000000,9.7660477485021,21.94604000181461,-2.3716469617125147,1,
572.100000000,9.716585818687987,21.898083546647054,-2.4027535360960326,1,
572.200000000,9.665656296619687,21.851688634479142,-2.4338601104795505,1,
572.300000000,9.61330845869529,21.806900154288197,-2.4649666848630685,1,
572.400000000,9.559592953591553,21.763761440762824,-2.4960732592465864,1,
572.500000000,9.504561753259235,21.722314232374828,-2.5271798336301043,1,
572.600000000,9.443278346913786,21.679078320140917,-2.5371222800918525,1,
572.700000000,9.381568105884066,21.636453841820895,-2.5470647265536006,1,
572.800000000,9.319437130315483,21.594445010905286,-2.5346057884681694,1,
572.900000000,9.257834348712255,21.55166537440911,-2.5221468503827382,1,
573.000000000,9.196769323250976,21.50812157272146,-2.509687912297307,1,
573.100000000,9.136251532636054,21.46382036484754,-2.497228974211876,1,
573.200000000,9.076290370628389,21.41876862735951,-2.4847700361264446,1,
573.300000000,9.016895144587243,21.372973353329087,-2.4723110980410135,1,
573.400000000,8.958075074025531,21.326441651242067,-2.4598521599555823,1,
573.500000000,8.89983928917873,21.279180743894905,-2.447393221870151,1,
573.600000000,8.842196829587662,21.23119796727358,-2.438756819177845,1,
573.700000000,8.784970913115036,21.18271916279298,-2.4301204164855386,1,
573.800000000,8.72816580806959,21.13374794634111,-2.4214840137932323,1,
573.900000000,8.671785751373006,21.084287970533495,-2.412847611100926,1,
574.000000000,8.615834948243888,21.034342924440747,-2.40421120840862,1,
574.100000000,8.56031757188411,20.983916533313415,-2.395574805716314,1,
574.200000000,8.505237763167544,20.933012558304124,-2.3869384030240073,1,
574.300000000,8.450599630331219,20.881634796187036,-2.378302000331701,1,
574.400000000,8.396407248668883,20.82978707907467,-2.3696655976393948,1,
574.500000000,8.34266466022705,20.777473274132074,-2.3610291949470885,1,
574.600000000,8.289375873503513,20.724697283288386,-2.3523927922547823,1,
574.700000000,8.236544863148357,20.67146304294579,-2.343756389562476,1,
574.800000000,8.184175569667511,20.61777452368592,-2.3354064311512377,1,
574.900000000,8.13225639351056,20.56365059970416,-2.3270564727399994,1,
575.000000000,8.080790954555168,20.509095044596283,-2.32860310187857,1,
575.100000000,8.029241199976456,20.4546191526543,-2.33014973101714,1,
575.200000000,7.9776072530845905,20.400223054187883,-2.3316963601557106,1,
575.300000000,7.925889237391135,20.34590687931583,-2.333242989294281,1,
575.400000000,7.874087276608748,20.291670757965754,-2.3347896184328514,1,
575.500000000,7.822201494650891,20.23751481987378,-2.3363362475714218,1,
575.600000000,7.77023201563153,20.183439194584228,-2.337882876709992,1,
575.700000000,7.71817896386484,20.1294440114493,-2.3394295058485626,1,
575.800000000,7.666042463864909,20.075529399628785,-2.340976134987133,1,
575.900000000,7.613822640345435,20.021695488089726,-2.3425227641257034,1,
576.000000000,7.5615196182194335,19.96794240560614,-2.3440693932642738,1,
576.100000000,7.509133522598934,19.914270280758693,-2.345616022402844,1,
576.200000000,7.456664478794686,19.860679241934392,-2.3471626515414146,1,
576.300000000,7.404112612315852,19.807169417326282,-2.348709280679985,1,
576.400000000,7.351478048869715,19.753740934933138,-2.3502559098185554,1,
576.500000000,7.298760914361372,19.70039392255916,-2.3518025389571258,1,
576.600000000,7.245961334893437,19.647128507813672,-2.3518025389571258,1,
576.700000000,7.193161755425502,19.593863093068183,-2.3518025389571258,1,
576.800000000,7.140362175957566,19.540597678322694,-2.3518025389571258,1,
576.900000000,7.087562596489631,19.487332263577205,-2.3518025389571258,1,
577.000000000,7.034763017021696,19.434066848831716,-2.3518025389571258,1,
577.100000000,6.981963437553761,19.380801434086226,-2.3518025389571258,1,
577.200000000,6.9291638580858255,19.327536019340737,-2.3518025389571258,1,
577.300000000,6.87636427861789,19.274270604595248,-2.3518025389571258,1,
577.400000000,6.823564699149955,19.22100518984976,-2.3518025389571258,1,
577.500000000,6.77076511968202,19.16773977510427,-2.3518025389571258,1,
577.600000000,6.7179655402140845,19.11447436035878,-2.3518025389571258,1,
577.700000000,6.665165960746149,19.06120894561329,-2.3518025389571258,1,
577.800000000,6.612366381278214,19.007943530867802,-2.3518025389571258,1,
577.900000000,6.559566801810279,18.954678116122313,-2.3518025389571258,1,
578.000000000,6.506767222342344,18.901412701376824,-2.3518025389571258,1,
578.100000000,6.453967642874408,18.848147286631335,-2.3518025389571258,1,
578.200000000,6.401168063406473,18.794881871885845,-2.3518025389571258,1,
578.300000000,6.348368483938538,18.741616457140356,-2.3518025389571258,1,
578.400000000,6.295568904470603,18.688351042394867,-2.3518025389571258,1,
578.500000000,6.2427693250026675,18.635085627649378,-2.3518025389571258,1,
578.600000000,6.189969745534732,18.58182021290389,-2.3518025389571258,1,
578.700000000,6.137170166066797,18.5285547981584,-2.3518025389571258,1,
578.800000000,6.084370586598862,18.47528938341291,-2.3518025389571258,1,
578.900000000,6.0315710071309265,18.42202396866742,-2.3518025389571258,1,
579.000000000,5.978771427662991,18.368758553921932,-2.3518025389571258,1,
579.100000000,5.925971848195056,18.315493139176443,-2.3518025389571258,1,
579.200000000,5.873172268727121,18.262227724430954,-2.3518025389571258,1,
579.300000000,5.820372689259186,18.208962309685464,-2.3518025389571258,1,
579.400000000,5.76757310979125,18.155696894939975,-2.3518025389571258,1,
579.500000000,5.714773530323315,18.102431480194486,-2.3518025389571258,1,
579.600000000,5.66197395085538,18.049166065448997,-2.3518025389571258,1,
579.700000000,5.609174371387445,17.995900650703508,-2.3518025389571258,1,
579.800000000,5.5563747919195094,17.94263523595802,-2.3518025389571258,1,
579.900000000,5.503575212451574,17.88936982121253,-2.3518025389571258,1,
580.000000000,5.450775632983639,17.83610440646704,-2.3518025389571258,1,
580.100000000,5.397976053515704,17.78283899172155,-2.3518025389571258,1,
580.200000000,5.3451764740477685,17.729573576976062,-2.3518025389571258,1,
580.300000000,5.292376894579833,17.676308162230573,-2.3518025389571258,1,
580.400000000,5.239577315111898,17.623042747485083,-2.3518025389571258,1,
580.500000000,5.186777735643963,17.569777332739594,-2.3518025389571258,1,
580.600000000,5.133978156176028,17.516511917994105,-2.3518025389571258,1,
580.700000000,5.081178576708092,17.463246503248616,-2.3518025389571258,1,
580.800000000,5.028378997240157,17.409981088503127,-2.3518025389571258,1,
580.900000000,4.975579417772222,17.356715673757638,-2.3518025389571258,1,
581.000000000,4.922779838304287,17.30345025901215,-2.3518025389571258,1,
581.100000000,4.869980258836351,17.25018484426666,-2.3518025389571258,1,
581.200000000,4.817180679368416,17.19691942952117,-2.3518025389571258,1,
581.300000000,4.764381099900481,17.14365401477568,-2.3518025389571258,1,
581.400000000,4.711581520432546,17.09038860003019,-2.3518025389571258,1,
581.500000000,4.6587819409646105,17.037123185284702,-2.3518025389571258,1,
581.600000000,4.605982361496675,16.983857770539213,-2.3518025389571258,1,
581.700000000,4.55318278202874,16.930592355793724,-2.3518025389571258,1,
581.800000000,4.500383202560805,16.877326941048235,-2.3518025389571258,1,
581.900000000,4.44758362309287,16.824061526302746,-2.3518025389571258,1,
582.000000000,4.394784043624934,16.770796111557257,-2.3518025389571258,1,
582.100000000,4.341984464156999,16.717530696811767,-2.3518025389571258,1,
582.200000000,4.289184884689064,16.664265282066278,-2.3518025389571258,1,
582.300000000,4.236385305221129,16.61099986732079,-2.3518025389571258,1,
582.400000000,4.183585725753193,16.5577344525753,-2.3518025389571258,1,
582.500000000,4.130786146285258,16.50446903782981,-2.3518025389571258,1,
582.600000000,4.077986566817323,16.45120362308432,-2.3518025389571258,1,
582.700000000,4.025186987349388,16.397938208338832,-2.3518025389571258,1,
582.800000000,3.972387407881452,16.344672793593343,-2.3518025389571258,1,
582.900000000,3.9195878284135164,16.291407378847854,-2.3518025389571258,1,
583.000000000,3.8667882489455807,16.238141964102365,-2.3518025389571258,1,
583.100000000,3.813988669477645,16.184876549356876,-2.3518025389571258,1,
583.200000000,3.7611890900097094,16.131611134611386,-2.3518025389571258,1,
583.300000000,3.7083895105417737,16.078345719865897,-2.3518025389571258,1,
583.400000000,3.655589931073838,16.025080305120408,-2.3518025389571258,1,
583.500000000,3.6027903516059023,15.971814890374917,-2.3518025389571258,1,
583.600000000,3.5499907721379667,15.918549475629426,-2.3518025389571258,1,
583.700000000,3.497191192670031,15.865284060883935,-2.3518025389571258,1,
583.800000000,3.4443916132020953,15.812018646138444,-2.3518025389571258,1,
583.900000000,3.3915920337341596,15.758753231392953,-2.3518025389571258,1,
584.000000000,3.338792454266224,15.705487816647462,-2.3518025389571258,1,
584.100000000,3.2859928747982883,15.652222401901971,-2.3518025389571258,1,
584.200000000,3.2331932953303526,15.59895698715648,-2.3518025389571258,1,
584.300000000,3.180393715862417,15.54569157241099,-2.3518025389571258,1,
584.400000000,3.1275941363944813,15.492426157665498,-2.3518025389571258,1,
584.500000000,3.0747945569265456,15.439160742920008,-2.3518025389571258,1,
584.600000000,3.02199497745861,15.385895328174517,-2.3518025389571258,1,
584.700000000,2.9691953979906742,15.332629913429026,-2.3518025389571258,1,
584.800000000,2.9163958185227385,15.279364498683535,-2.3518025389571258,1,
584.900000000,2.863596239054803,15.226099083938044,-2.3518025389571258,1,
585.000000000,2.810796659586867,15.172833669192553,-2.3518025389571258,1,
585.100000000,2.7579970801189315,15.119568254447062,-2.3518025389571258,1,
585.200000000,2.705197500650996,15.06630283970157,-2.3518025389571258,1,
585.300000000,2.65239792118306,15.01303742495608,-2.3518025389571258,1,
585.400000000,2.5995983417151245,14.959772010210589,-2.3418600924953776,1,
585.500000000,2.5473309517133296,14.905984279802993,-2.3319176460336295,1,
585.600000000,2.4956009178837797,14.851679550727216,-2.3232812433413232,1,
585.700000000,2.4443418049261276,14.796930091014861,-2.314644840649017,1,
585.800000000,2.393557436103209,14.741739984263218,-2.304702394187269,1,
585.900000000,2.3433242929751597,14.686047692772592,-2.2947599477255207,1,
586.000000000,2.2936473411598772,14.629858721805487,-2.2861235450332145,1,
586.100000000,2.2444575065193404,14.573242821494386,-2.277487142340908,1,
586.200000000,2.195758457975148,14.516204214648756,-2.268850739648602,1,
586.300000000,2.147553827842643,14.458747155606472,-2.2602143369562957,1,
586.400000000,2.0998472115599878,14.400875929916502,-2.2520219249301747,1,
586.500000000,2.052616295819839,14.342615818361967,-2.2438295129040537,1,
586.600000000,2.0058642505364146,14.283970731084201,-2.2372710373428606,1,
586.700000000,1.9594978303506823,14.22502028512185,-2.2307125617816674,1,
586.800000000,1.9135190296422224,14.165767016136826,-2.2245475947541458,1,
586.900000000,1.867906394820584,14.106231417167571,-2.218382627726624,1,
587.000000000,1.8263455306963716,14.05128600183178,-2.249489202110142,1,
587.100000000,1.7830958844651243,13.997659775094803,-2.28059577649366,1,
587.200000000,1.7376108497737213,13.944719722797373,-2.3107993760267824,1,
587.300000000,1.690547823499094,13.893177419045927,-2.341002975559905,1,
587.400000000,1.6413131394386309,13.842423641953145,-2.3702922974149647,1,
587.500000000,1.5906132410296183,13.793133477568826,-2.3995816192700246,1,
587.600000000,1.5398311357192804,13.746577254854527,-2.4306881936535425,1,
587.700000000,1.4876256262276433,13.701622957263615,-2.4617947680370604,1,
587.800000000,1.4340472235228785,13.65831407991982,-2.4929013424205784,1,
587.900000000,1.3791477669035592,13.61669252593541,-2.5240079168040963,1,
588.000000000,1.3229803738420163,13.576798565868202,-2.5551144911876142,1,
588.100000000,1.2655993885910084,13.538670798758163,-2.5862210655711326,1,
588.200000000,1.2070603296034323,13.502346114781247,-2.61732763995465,1,
588.300000000,1.1474198358159466,13.467859659556643,-2.648434214338168,1,
588.400000000,1.0867356118484806,13.43524480014195,-2.679540788721686,1,
588.500000000,1.025066372172652,13.404533092749183,-2.710647363105204,1,
588.600000000,0.9608206808479434,13.37499513158177,-2.7399366849602638,1,
588.700000000,0.895737521437746,13.347351282991095,-2.7692260068153236,1,
588.800000000,0.8315654367236287,13.322286414417375,-2.8003325811988415,1,
588.900000000,0.7666448401037974,13.299229523306497,-2.8314391555823595,1,
589.000000000,0.7010385449138842,13.278202918144757,-2.8625457299658774,1,
589.100000000,0.6348100279309661,13.259226943033658,-2.8936523043493954,1,
589.200000000,0.5662616871346874,13.241873990034398,-2.922941626204455,1,
589.300000000,0.4972345632667774,13.226535927111017,-2.952230948059515,1,
589.400000000,0.42957263638563303,13.213567976467049,-2.983337522443033,1,
589.500000000,0.3615401188768872,13.202710690683027,-3.014444096826551,1,
589.600000000,0.29230714939522545,13.193860071784666,-3.0446476963596734,1,
589.700000000,0.2228384767516804,13.187104256565412,-3.074851295892796,1,
589.800000000,0.14800545508641394,13.18210237007672,-3.0942112564672826,1,
589.900000000,0.07308962671730741,13.178550094781846,-3.1135712170417693,1,
590.000000000,0.014386284237992819,13.176904712120875,3.1283404871186016,1,
590.100000000,-0.04433495605580303,13.177682941330692,3.0870668840993862,1,
590.200000000,-0.11922349394250567,13.181770347989186,3.0677069235248995,1,
590.300000000,-0.19401887076461732,13.187306737249193,3.0483469629504127,1,
590.400000000,-0.26869305348664907,13.194290034092132,3.028987002375926,1,
590.500000000,-0.34321805449622034,13.20271762120372,3.0096270418014393,1,
590.600000000,-0.41756594209371445,13.212586339954925,3.0169230075205054,1,
590.700000000,-0.4919838520843922,13.221912361219074,3.0242189732395715,1,
590.800000000,-0.5664678231374435,13.230695188563853,3.040239008312602,1,
590.900000000,-0.6410829317388778,13.238283704123313,3.0562590433856323,1,
591.000000000,-0.7158100289630688,13.244675960410909,3.0722790784586627,1,
591.100000000,-0.7906299371440743,13.249870316943332,3.088299113531693,1,
591.200000000,-0.8655234547973158,13.253865440661516,3.1043191486047235,1,
591.300000000,-0.9404713615473722,13.25666030627275,3.120339183677754,1,
591.400000000,-1.0154544230606197,13.258254196513805,3.1363592187507843,1,
591.500000000,-1.090453395981456,13.258646702335012,-3.1308060533557716,1,
591.600000000,-1.1654490328708376,13.257837723005231,-3.114786018282741,1,
591.700000000,-1.2404220871458675,13.25582746613771,-3.0987659832097108,1,
591.800000000,-1.2974857700199913,13.253382123397396,-3.0558820370323985,1,
591.900000000,-1.354392156134135,13.248492662925711,-3.012998090855086,1,
592.000000000,-1.4102436260373248,13.241270614335228,-2.969314559815686,1,
592.100000000,-1.4657264308496258,13.231616441851255,-2.925631028776286,1,
592.200000000,-1.52073471229499,13.21954856512758,-2.8819474977368857,1,
592.300000000,-1.5751635174630172,13.205090009038843,-2.8382639666974856,1,
592.400000000,-1.6289089990535943,13.188268359750287,-2.7945804356580854,1,
592.500000000,-1.6818686135120866,13.169115712084805,-2.7508969046186853,1,
592.600000000,-1.7392002026095243,13.145502639063988,-2.7129008426059125,1,
592.700000000,-1.7955934239370919,13.119728758598992,-2.6749047805931396,1,
592.800000000,-1.8509668723545059,13.091831275983388,-2.636908718580367,1,
592.900000000,-1.9052406147912613,13.061850461987891,-2.598912656567594,1,
593.000000000,-1.9690325318687496,13.023378931123244,-2.5734074038420873,1,
593.100000000,-2.031822581441806,12.983293060219598,-2.5479021511165807,1,
593.200000000,-2.0935699196724085,12.941618924440602,-2.522396898391074,1,
593.300000000,-2.154234380988176,12.898383632088654,-2.4968916456655674,1,
593.400000000,-2.2137765042093753,12.853615306971422,-2.471386392940061,1,
593.500000000,-2.272157558217735,12.807343070107795,-2.445881140214554,1,
593.600000000,-2.329727398063553,12.759273188267635,-2.4342582523789402,1,
593.700000000,-2.386734651089046,12.710537440581902,-2.4226353645433263,1,
593.800000000,-2.4431716161843555,12.661142410762793,-2.414355287466678,1,
593.900000000,-2.4991976566599887,12.611281777106342,-2.40607521039003,1,
594.000000000,-2.5498657069884016,12.5654320974961,-2.398531140164639,1,
594.100000000,-2.60018642556656,12.519201482896873,-2.3909870699392486,1,
594.200000000,-2.646500568777995,12.476002973088065,-2.3839950048523013,1,
594.300000000,-2.6925115355374443,12.432481690375212,-2.377002939765354,1,
594.400000000,-2.7358115216415455,12.390947232350763,-2.3703788781040354,1,
594.500000000,-2.7788354329875324,12.349126865871108,-2.3637548164427167,1,
594.600000000,-2.8215813817708266,12.307022425931644,-2.361869240482272,1,
594.700000000,-2.8642478634920074,12.26483746015548,-2.359983664521827,1,
594.800000000,-2.9032858212079473,12.226094230329245,-2.359119655480013,1,
594.900000000,-2.9422902898560297,12.187317285819901,-2.358255646438199,1,
595.000000000,-2.9788993645333344,12.150858814983675,-2.3574440015807374,1,
595.100000000,-3.0154788358250912,12.114370642592338,-2.3566323567232756,1,
595.200000000,-3.048491597975019,12.081386778158192,-2.3558992581423426,1,
595.300000000,-3.0814801708318202,12.048378720980446,-2.3551661595614095,1,
595.400000000,-3.1120899391067223,12.017705933954574,-2.3544854251648286,1,
595.500000000,-3.142678820269797,11.987012316915047,-2.3538046907682477,1,
595.600000000,-3.172071108612471,11.957479208424877,-2.353150138463843,1,
595.700000000,-3.20144405969591,11.927926867472577,-2.352495586159438,1,
595.800000000,-3.228449372836429,11.900721031579758,-2.352495586159438,1,
595.900000000,-3.2554546859769484,11.87351519568694,-2.352495586159438,1,
596.000000000,-3.280111711018292,11.848675084654367,-2.352495586159438,1,
596.100000000,-3.3047687360596356,11.823834973621794,-2.352495586159438,1,
596.200000000,-3.3282516170513916,11.800177725019344,-2.352495586159438,1,
596.300000000,-3.3517344980431476,11.776520476416893,-2.352495586159438,1,
596.400000000,-3.372869090935728,11.755228952674688,-2.352495586159438,1,
596.500000000,-3.3940036838283083,11.733937428932483,-2.352495586159438,1,
596.600000000,-3.4139641326713006,11.7138287676204,-2.352495586159438,1,
596.700000000,-3.433924581514293,11.693720106308318,-2.352495586159438,1,
596.800000000,-3.4527108863076976,11.674794307426357,-2.352495586159438,1,
596.900000000,-3.4714971911011023,11.655868508544396,-2.352495586159438,1,
597.000000000,-3.489109351844919,11.638125572092559,-2.352495586159438,1,
597.100000000,-3.5067215125887357,11.620382635640722,-2.352495586159438,1,
597.200000000,-3.5231595292829647,11.603822561619006,-2.352495586159438,1,
597.300000000,-3.539597545977194,11.587262487597291,-2.352495586159438,1,
597.400000000,-3.5548614186218352,11.571885276005698,-2.352495586159438,1,
597.500000000,-3.5701252912664767,11.556508064414105,-2.352495586159438,1,
597.600000000,-3.58421501986153,11.542313715252634,-2.352495586159438,1,
597.700000000,-3.5983047484565835,11.528119366091163,-2.352495586159438,1,
597.800000000,-3.612394477051637,11.513925016929692,-2.352495586159438,1,
597.900000000,-3.6264842056466904,11.49973066776822,-2.352495586159438,1,
598.000000000,-3.639399790192156,11.486719181036873,-2.352495586159438,1,
598.100000000,-3.652315374737622,11.473707694305526,-2.352495586159438,1,
598.200000000,-3.6664051033326754,11.459513345144055,-2.352495586159438,1,
598.300000000,-3.680494831927729,11.445318995982584,-2.352495586159438,1,
598.400000000,-3.6957587045723703,11.42994178439099,-2.352495586159438,1,
598.500000000,-3.711022577217012,11.414564572799398,-2.352495586159438,1,
598.600000000,-3.725112305812065,11.400370223637927,-2.352495586159438,1,
598.700000000,-3.7392020344071186,11.386175874476455,-2.352495586159438,1,
598.800000000,-3.753291763002172,11.371981525314984,-2.352495586159438,1,
598.900000000,-3.7673814915972255,11.357787176153513,-2.352495586159438,1,
599.000000000,-3.781471220192279,11.343592826992042,-2.352495586159438,1,
599.100000000,-3.7955609487873323,11.329398477830571,-2.352495586159438,1,
599.200000000,-3.8096506773823857,11.3152041286691,-2.352495586159438,1,
599.300000000,-3.823740405977439,11.301009779507629,-2.352495586159438,1,
599.400000000,-3.8390042786220806,11.285632567916036,-2.352495586159438,1,
599.500000000,-3.854268151266722,11.270255356324443,-2.352495586159438,1,
599.600000000,-3.8683578798617755,11.256061007162971,-2.352495586159438,1,
599.700000000,-3.882447608456829,11.2418666580015,-2.352495586159438,1,
599.800000000,-3.8965373370518823,11.22767230884003,-2.352495586159438,1,
599.900000000,-3.9106270656469357,11.213477959678558,-2.352495586159438,1,
600.000000000,-3.924716794241989,11.199283610517087,-2.352495586159438,1,
600.100000000,-3.9388065228370426,11.185089261355616,-2.352495586159438,1,
600.200000000,-3.952896251432096,11.170894912194145,-2.352495586159438,1,
600.300000000,-3.9669859800271494,11.156700563032674,-2.352495586159438,1,
600.400000000,-3.982249852671791,11.14132335144108,-2.352495586159438,1,
600.500000000,-3.9975137253164323,11.125946139849487,-2.352495586159438,1,
600.600000000,-4.011603453911486,11.111751790688016,-2.352495586159438,1,
600.700000000,-4.02569318250654,11.097557441526545,-2.352495586159438,1,
600.800000000,-4.039782911101594,11.083363092365074,-2.352495586159438,1,
600.900000000,-4.053872639696648,11.069168743203603,-2.352495586159438,1,
601.000000000,-4.066788224242114,11.056157256472256,-2.352495586159438,1,
601.100000000,-4.079703808787579,11.043145769740908,-2.352495586159438,1,
601.200000000,-4.092619393333045,11.030134283009561,-2.352495586159438,1,
601.300000000,-4.105534977878511,11.017122796278214,-2.352495586159438,1,
601.400000000,-4.118450562423977,11.004111309546866,-2.352495586159438,1,
601.500000000,-4.131366146969443,10.991099822815519,-2.352495586159438,1,
601.600000000,-4.145455875564497,10.976905473654048,-2.352495586159438,1,
601.700000000,-4.15954560415955,10.962711124492577,-2.352495586159438,1,
601.800000000,-4.173635332754604,10.948516775331106,-2.352495586159438,1,
601.900000000,-4.187725061349658,10.934322426169635,-2.352495586159438,1,
602.000000000,-4.201814789944712,10.920128077008163,-2.352495586159438,1,
602.100000000,-4.215904518539766,10.905933727846692,-2.352495586159438,1,
602.200000000,-4.23469082333317,10.887007928964731,-2.352495586159438,1,
602.300000000,-4.253477128126574,10.86808213008277,-2.352495586159438,1,
602.400000000,-4.2710892888703915,10.850339193630933,-2.352495586159438,1,
602.500000000,-4.288701449614209,10.832596257179096,-2.352495586159438,1,
602.600000000,-4.3016170341596744,10.819584770447749,-2.352495586159438,1,
602.700000000,-4.31453261870514,10.806573283716402,-2.352495586159438,1,
602.800000000,-4.330970635399369,10.790013209694687,-2.352495586159438,1,
602.900000000,-4.347408652093598,10.773453135672971,-2.352495586159438,1,
603.000000000,-4.362672524738239,10.758075924081378,-2.352495586159438,1,
603.100000000,-4.37793639738288,10.742698712489785,-2.352495586159438,1,
603.200000000,-4.392026125977934,10.728504363328314,-2.352495586159438,1,
603.300000000,-4.406115854572988,10.714310014166843,-2.352495586159438,1,
603.400000000,-4.424902159366392,10.695384215284882,-2.352495586159438,1,
603.500000000,-4.443688464159797,10.676458416402921,-2.352495586159438,1,
603.600000000,-4.4577781927548505,10.66226406724145,-2.352495586159438,1,
603.700000000,-4.471867921349904,10.648069718079979,-2.352495586159438,1,
603.800000000,-4.4883059380441335,10.631509644058264,-2.352495586159438,1,
603.900000000,-4.5047439547383625,10.614949570036549,-2.352495586159438,1,
604.000000000,-4.5200078273830036,10.599572358444956,-2.352495586159438,1,
604.100000000,-4.535271700027645,10.584195146853363,-2.352495586159438,1,
604.200000000,-4.550535572672286,10.56881793526177,-2.352495586159438,1,
604.300000000,-4.565799445316927,10.553440723670176,-2.352495586159438,1,
604.400000000,-4.582237462011156,10.536880649648461,-2.352495586159438,1,
604.500000000,-4.598675478705385,10.520320575626746,-2.352495586159438,1,
604.600000000,-4.613939351350026,10.504943364035153,-2.352495586159438,1,
604.700000000,-4.629203223994667,10.48956615244356,-2.352495586159438,1,
604.800000000,-4.645641240688896,10.473006078421845,-2.352495586159438,1,
604.900000000,-4.662079257383125,10.45644600440013,-2.352495586159438,1,
605.000000000,-4.677343130027766,10.441068792808537,-2.352495586159438,1,
605.100000000,-4.692607002672407,10.425691581216944,-2.352495586159438,1,
605.200000000,-4.711393307465811,10.406765782334983,-2.352495586159438,1,
605.300000000,-4.7301796122592155,10.387839983453022,-2.352495586159438,1,
605.400000000,-4.744269340854269,10.37364563429155,-2.352495586159438,1,
605.500000000,-4.758359069449323,10.35945128513008,-2.352495586159438,1,
605.600000000,-4.774797086143552,10.342891211108364,-2.352495586159438,1,
605.700000000,-4.791235102837781,10.32633113708665,-2.352495586159438,1,
605.800000000,-4.806498975482422,10.310953925495056,-2.352495586159438,1,
605.900000000,-4.821762848127063,10.295576713903463,-2.352495586159438,1,
606.000000000,-4.835852576722117,10.281382364741992,-2.352495586159438,1,
606.100000000,-4.849942305317171,10.26718801558052,-2.352495586159438,1,
606.200000000,-4.8663803220114,10.250627941558806,-2.352495586159438,1,
606.300000000,-4.882818338705629,10.23406786753709,-2.352495586159438,1,
606.400000000,-4.89808221135027,10.218690655945498,-2.352495586159438,1,
606.500000000,-4.913346083994911,10.203313444353904,-2.352495586159438,1,
606.600000000,-4.9321323887883155,10.184387645471944,-2.35459429833902,1,
606.700000000,-4.950958371984187,10.165501315287923,-2.3566930105186015,1,
606.800000000,-4.968644851994418,10.147832460632126,-2.3586605531869593,1,
606.900000000,-4.986366061973502,10.130198439057986,-2.360628095855317,1,
607.000000000,-5.002938208562339,10.11377259351255,-2.362464469012451,1,
607.100000000,-5.0195404911732275,10.097377208291316,-2.3643008421695852,1,
607.200000000,-5.034984827915603,10.082181257941551,-2.3660060458154955,1,
607.300000000,-5.050455054381467,10.067011665411119,-2.3677112494614057,1,
607.400000000,-5.064759120110344,10.053033335624484,-2.369285283596092,1,
607.500000000,-5.079085170478612,10.039077538232508,-2.3708593177307784,1,
607.600000000,-5.0934331699922915,10.02514430781184,-2.372433351865465,1,
607.700000000,-5.107803083103024,10.01123367888321,-2.374007386000151,1,
607.800000000,-5.1233941901335855,9.996188353163705,-2.3760554890066814,1,
607.900000000,-5.139016078819245,9.981174991170557,-2.3781035920132116,1,
608.000000000,-5.153464637106543,9.967346066287597,-2.379994148634624,1,
608.100000000,-5.167939313922729,9.953544481919598,-2.3818847052560366,1,
608.200000000,-5.184856848133973,9.937474588309003,-2.3840903546476846,1,
608.300000000,-5.201809785716595,9.921442047906304,-2.3862960040393326,1,
608.400000000,-5.217584597162189,9.906589446507882,-2.388344107045863,1,
608.500000000,-5.233389795158601,9.891769184676907,-2.390392210052393,1,
608.600000000,-5.254097780560851,9.872431213781336,-2.395337168315302,1,
608.700000000,-5.274901137850702,9.853195879023433,-2.4002821265782113,1,
608.800000000,-5.3302199567738,9.802551745375464,-2.4151415380014454,1,
608.900000000,-5.386285182877905,9.752735177630429,-2.4300009494246795,1,
609.000000000,-5.443084437070696,9.7037571751891,-2.4448603608479136,1,
609.100000000,-5.500605178187885,9.65562855229867,-2.4597197722711477,1,
609.200000000,-5.5588347057622824,9.608359935664982,-2.474579183694382,1,
609.300000000,-5.617760162828033,9.561961762106185,-2.489438595117616,1,
609.400000000,-5.677368538759413,9.516444276248293,-2.50429800654085,1,
609.500000000,-5.737646672143545,9.471817528263204,-2.519157417964084,1,
609.600000000,-5.798581253686418,9.428091371649627,-2.5374264530692523,1,
609.700000000,-5.8603044570756655,9.3854856658889,-2.5556954881744205,1,
609.800000000,-5.922795682293326,9.344014630565487,-2.5750554487489072,1,
609.900000000,-5.986078024224516,9.303761118921111,-2.594415409323394,1,
610.000000000,-6.050127764877397,9.264740217825688,-2.6137753698978807,1,
610.100000000,-6.114920898641874,9.22696655217118,-2.6331353304723675,1,
610.200000000,-6.180433141286818,9.190454279390236,-2.652495291046854,1,
610.300000000,-6.2466399390617005,9.15521708415004,-2.671855251621341,1,
610.400000000,-6.313516477899257,9.121268173223344,-2.6912152121958277,1,
610.500000000,-6.381037692715704,9.088620270538621,-2.7105751727703145,1,
610.600000000,-6.449178276805045,9.057285612411183,-2.729935133344801,1,
610.700000000,-6.51791269132393,9.027275942957052,-2.749295093919288,1,
610.800000000,-6.587215174863519,8.99860250969131,-2.7686550544937747,1,
610.900000000,-6.657059753104769,8.971276059312569,-2.7880150150682614,1,
611.000000000,-6.723396264408699,8.946792038569622,-2.8173043369233213,1,
611.100000000,-6.790421341718045,8.9242611927046,-2.846593658778381,1,
611.200000000,-6.859862106690849,8.90316056619549,-2.8740177930991826,1,
611.300000000,-6.929855354569944,8.8839719880715,-2.901441927419984,1,
611.400000000,-7.002703014755853,8.866133310838073,-2.9249682901390517,1,
611.500000000,-7.075950156132674,8.850013252521675,-2.9484946528581193,1,
611.600000000,-7.1495562390288745,8.83562073499771,-2.9699751563542343,1,
611.700000000,-7.223454475960564,8.8228125119208,-2.9914556598503492,1,
611.800000000,-7.297610770703257,8.811594492931926,-3.0118857422609944,1,
611.900000000,-7.371980759110116,8.801893728819564,-3.0323158246716395,1,
612.000000000,-7.446533401100209,8.793714268428007,-3.0516757852461263,1,
612.100000000,-7.521230416199448,8.786979586901465,-3.071035745820613,1,
612.200000000,-7.596043808237963,8.781692208374109,-3.0903957063950998,1,
612.300000000,-7.670945537428225,8.777854114536199,-3.1097556669695865,1,
612.400000000,-7.745907530874265,8.77546674389136,-3.1280247020747547,1,
612.500000000,-7.820900627631105,8.774449178748881,3.1368915699996633,1,
612.600000000,-7.895899798875622,8.774801758719457,3.1232186964136432,1,
612.700000000,-7.970887139145454,8.77617972797035,3.109545822827623,1,
612.800000000,-8.045848629965294,8.778582828897703,3.095872949241603,1,
612.900000000,-8.120770257692248,8.782010612254872,3.082200075655583,1,
613.000000000,-8.19563801613561,8.786462437236409,3.068527202069563,1,
613.100000000,-8.270437909175246,8.791937471597851,3.0548543284835428,1,
613.200000000,-8.345155953378088,8.79843469181131,3.0411814548975227,1,
613.300000000,-8.419778180612262,8.805952883256815,3.0275085813115026,1,
613.400000000,-8.494290640658356,8.814490640449376,3.0138357077254825,1,
613.500000000,-8.568679403817338,8.824046367301735,3.0001628341394624,1,
613.600000000,-8.642930563514634,8.834618277422742,2.9864899605534423,1,
613.700000000,-8.71703023889989,8.846204394451314,2.972817086967422,1,
613.800000000,-8.790964577441917,8.858802552425907,2.9787361573428828,1,
613.900000000,-8.864972189776607,8.87096286971281,2.9846552277183434,1,
614.000000000,-8.939050483025664,8.882684920271762,2.9905272633219564,1,
614.100000000,-9.01319633104157,8.893971780862826,2.9963992989255694,1,
614.200000000,-9.087407177223357,8.904823062307115,3.0019567611932745,1,
614.300000000,-9.161677182669504,8.915261754324288,3.0075142234609795,1,
614.400000000,-9.236004053528063,8.925287534512133,3.012757112392777,1,
614.500000000,-9.310382466655915,8.934923491163271,3.0180000013245745,1,
614.600000000,-9.384810377552524,8.944169359406246,3.022823459141828,1,
614.700000000,-9.459282019522925,8.95305612159685,3.0276469169590814,1,
614.800000000,-9.533795659932224,8.961583570978338,3.0388629413951014,1,
614.900000000,-9.608400255587652,8.969274754703232,3.0500789658311214,1,
615.000000000,-9.683086421388838,8.976128705236885,3.0612949902671414,1,
615.100000000,-9.757844761974058,8.982144560366812,3.0725110147031613,1,
615.200000000,-9.832665872902153,8.98732156331116,3.0837270391391813,1,
615.300000000,-9.907540341835587,8.991659062813904,3.0949430635752013,1,
615.400000000,-9.982458749724499,8.99515651322678,3.1061590880112213,1,
615.500000000,-10.057411671991602,8.997813474577923,3.1173751124472413,1,
615.600000000,-10.132389679717773,8.999629612627212,3.1285911368832613,1,
615.700000000,-10.207383340828192,9.00060469890832,3.1398071613192813,1,
615.800000000,-10.282383221278875,9.000738610757457,-3.1403312711545572,1,
615.900000000,-10.357383161613171,9.000644007099902,-3.1372843964488095,1,
616.000000000,-10.432382465573763,9.000320888813901,-3.134237521743062,1,
616.100000000,-10.50738043690924,8.999769258899104,-3.131190647037314,1,
616.200000000,-10.582376379380564,8.998989122476532,-3.1281437723315664,1,
616.300000000,-10.65736959676753,8.997980486788533,-3.1250968976258187,1,
616.400000000,-10.732359392875235,8.996743361198716,-3.122050022920071,1,
616.500000000,-10.807345071540531,8.99527775719186,-3.1190031482143232,1,
616.600000000,-10.8823259366385,8.993583688373807,-3.1159562735085755,1,
616.700000000,-10.957301292088905,8.991661170471343,-3.112909398802828,1,
616.800000000,-11.032270441862662,8.989510221332043,-3.10986252409708,1,
616.900000000,-11.107232689988297,8.987130860924111,-3.1068156493913324,1,
617.000000000,-11.182187340558404,8.984523111336193,-3.1083622785299028,1,
617.100000000,-11.257145934700345,8.982031291867647,-3.109908907668473,1,
617.200000000,-11.332108293108574,8.979655408479061,-3.1114555368070436,1,
617.300000000,-11.407074236468542,8.977395466853693,-3.113002165945614,1,
617.400000000,-11.482043585457124,8.97525147239746,-3.1145487950841844,1,
617.500000000,-11.557016160743046,8.973223430238928,-3.1160954242227548,1,
617.600000000,-11.631991782987319,8.9713113452293,-3.117642053361325,1,
617.700000000,-11.706970272843666,8.969515221942398,-3.1191886824998956,1,
617.800000000,-11.781951450958948,8.967835064674661,-3.1217551608905016,1,
617.900000000,-11.856936694213516,8.966347350302438,-3.1243216392811077,1,
618.000000000,-11.93192550869399,8.965052088625017,-3.1267309863416766,1,
618.100000000,-12.006917226253183,8.963937504612003,-3.1291403334022454,1,
618.200000000,-12.078578336665016,8.96304511139477,-3.131392549132777,1,
618.300000000,-12.150241275187648,8.962314116584547,-3.1336447648633086,1,
618.400000000,-12.216905836234226,8.961784262914538,-3.1357398492638033,1,
618.500000000,-12.283571361060202,8.961394078187132,-3.137834933664298,1,
618.600000000,-12.358570831543611,8.961112249855978,-3.137834933664298,1,
618.700000000,-12.43357030202702,8.960830421524824,-3.137834933664298,1,
618.800000000,-12.508569772510429,8.96054859319367,-3.137834933664298,1,
618.900000000,-12.583569242993837,8.960266764862515,-3.137834933664298,1,
619.000000000,-12.658568713477246,8.959984936531361,-3.137834933664298,1,
619.100000000,-12.733568183960655,8.959703108200207,-3.137834933664298,1,
619.200000000,-12.808567654444063,8.959421279869053,-3.137834933664298,1,
619.300000000,-12.883567124927472,8.959139451537899,-3.137834933664298,1,
619.400000000,-12.95856659541088,8.958857623206745,-3.137834933664298,1,
619.500000000,-13.03356606589429,8.95857579487559,-3.137834933664298,1,
619.600000000,-13.108565536377698,8.958293966544437,-3.137834933664298,1,
619.700000000,-13.183565006861107,8.958012138213283,-3.137834933664298,1,
619.800000000,-13.258564477344516,8.957730309882129,-3.137834933664298,1,
619.900000000,-13.333563947827924,8.957448481550975,-3.137834933664298,1,
620.000000000,-13.408563418311333,8.95716665321982,-3.137834933664298,1,
620.100000000,-13.483562888794742,8.956884824888666,-3.137834933664298,1,
620.200000000,-13.55856235927815,8.956602996557512,-3.137834933664298,1,
620.300000000,-13.63356182976156,8.956321168226358,-3.137834933664298,1,
620.400000000,-13.708561300244968,8.956039339895204,-3.137834933664298,1,
620.500000000,-13.783560770728377,8.95575751156405,-3.137834933664298,1,
620.600000000,-13.858560241211785,8.955475683232896,-3.137834933664298,1,
620.700000000,-13.933559711695194,8.955193854901742,-3.137834933664298,1,
620.800000000,-14.008559182178603,8.954912026570588,-3.137834933664298,1,
620.900000000,-14.083558652662012,8.954630198239434,-3.137834933664298,1,
621.000000000,-14.15855812314542,8.95434836990828,-3.137834933664298,1,
621.100000000,-14.233557593628829,8.954066541577125,-3.137834933664298,1,
621.200000000,-14.308557064112238,8.953784713245971,-3.137834933664298,1,
621.300000000,-14.383556534595646,8.953502884914817,-3.137834933664298,1,
621.400000000,-14.458556005079055,8.953221056583663,-3.137834933664298,1,
621.500000000,-14.533555475562464,8.952939228252509,-3.137834933664298,1,
621.600000000,-14.608554946045873,8.952657399921355,-3.137834933664298,1,
621.700000000,-14.683554416529281,8.952375571590201,-3.137834933664298,1,
621.800000000,-14.75855388701269,8.952093743259047,-3.137834933664298,1,
621.900000000,-14.833553357496099,8.951811914927893,-3.137834933664298,1,
622.000000000,-14.908552827979507,8.951530086596739,-3.137834933664298,1,
622.100000000,-14.983552298462916,8.951248258265585,-3.137834933664298,1,
622.200000000,-15.058551768946325,8.95096642993443,-3.137834933664298,1,
622.300000000,-15.133551239429734,8.950684601603276,-3.137834933664298,1,
622.400000000,-15.208550709913142,8.950402773272122,-3.137834933664298,1,
622.500000000,-15.283550180396551,8.950120944940968,-3.137834933664298,1,
622.600000000,-15.35854965087996,8.949839116609814,-3.137834933664298,1,
622.700000000,-15.433549121363368,8.94955728827866,-3.137834933664298,1,
622.800000000,-15.508548591846777,8.949275459947506,-3.137834933664298,1,
622.900000000,-15.583548062330186,8.948993631616352,-3.137834933664298,1,
623.000000000,-15.658547532813595,8.948711803285198,-3.137834933664298,1,
623.100000000,-15.733547003297003,8.948429974954044,-3.137834933664298,1,
623.200000000,-15.808546473780412,8.94814814662289,-3.137834933664298,1,
623.300000000,-15.88354594426382,8.947866318291736,-3.137834933664298,1,
623.400000000,-15.95854541474723,8.947584489960581,-3.137834933664298,1,
623.500000000,-16.03354488523064,8.947302661629427,-3.137834933664298,1,
623.600000000,-16.10854435571405,8.947020833298273,-3.137834933664298,1,
623.700000000,-16.183543826197457,8.94673900496712,-3.137834933664298,1,
623.800000000,-16.258543296680866,8.946457176635965,-3.137834933664298,1,
623.900000000,-16.333542767164275,8.946175348304811,-3.137834933664298,1,
624.000000000,-16.408542237647683,8.945893519973657,-3.137834933664298,1,
624.100000000,-16.483541708131092,8.945611691642503,-3.137834933664298,1,
624.200000000,-16.5585411786145,8.945329863311349,-3.137834933664298,1,
624.300000000,-16.63354064909791,8.945048034980195,-3.137834933664298,1,
624.400000000,-16.70854011958132,8.94476620664904,-3.137834933664298,1,
624.500000000,-16.783539590064727,8.944484378317886,-3.137834933664298,1,
624.600000000,-16.858539060548136,8.944202549986732,-3.137834933664298,1,
624.700000000,-16.933538531031544,8.943920721655578,-3.137834933664298,1,
624.800000000,-17.008538001514953,8.943638893324424,-3.137834933664298,1,
624.900000000,-17.083537471998362,8.94335706499327,-3.137834933664298,1,
625.000000000,-17.15853694248177,8.943075236662116,-3.137834933664298,1,
625.100000000,-17.23353641296518,8.942793408330962,-3.137834933664298,1,
625.200000000,-17.308535883448588,8.942511579999808,-3.137834933664298,1,
625.300000000,-17.383535353931997,8.942229751668654,-3.137834933664298,1,
625.400000000,-17.458534824415405,8.9419479233375,-3.137834933664298,1,
625.500000000,-17.533534294898814,8.941666095006346,-3.137834933664298,1,
625.600000000,-17.608533765382223,8.941384266675191,-3.137834933664298,1,
625.700000000,-17.68353323586563,8.941102438344037,-3.137834933664298,1,
625.800000000,-17.75853270634904,8.940820610012883,-3.137834933664298,1,
625.900000000,-17.83353217683245,8.94053878168173,-3.137834933664298,1,
626.000000000,-17.908531647315858,8.940256953350575,-3.137834933664298,1,
626.100000000,-17.983531117799266,8.939975125019421,-3.137834933664298,1,
626.200000000,-18.058530588282675,8.939693296688267,-3.137834933664298,1,
626.300000000,-18.133530058766084,8.939411468357113,-3.137834933664298,1,
626.400000000,-18.208529529249493,8.939129640025959,-3.137834933664298,1,
626.500000000,-18.2835289997329,8.938847811694805,-3.137834933664298,1,
626.600000000,-18.35852847021631,8.93856598336365,-3.137834933664298,1,
626.700000000,-18.43352794069972,8.938284155032497,-3.137834933664298,1,
626.800000000,-18.508527411183127,8.938002326701342,-3.137834933664298,1,
626.900000000,-18.583526881666536,8.937720498370188,-3.137834933664298,1,
627.000000000,-18.658526352149945,8.937438670039034,-3.137834933664298,1,
627.100000000,-18.733525822633354,8.93715684170788,-3.137834933664298,1,
627.200000000,-18.808525293116762,8.936875013376726,-3.137834933664298,1,
627.300000000,-18.88352476360017,8.936593185045572,-3.137834933664298,1,
627.400000000,-18.95852423408358,8.936311356714418,-3.137834933664298,1,
627.500000000,-19.03352370456699,8.936029528383264,-3.137834933664298,1,
627.600000000,-19.108523175050397,8.93574770005211,-3.137834933664298,1,
627.700000000,-19.183522645533806,8.935465871720956,-3.137834933664298,1,
627.800000000,-19.258522116017215,8.935184043389802,-3.137834933664298,1,
627.900000000,-19.333521586500623,8.934902215058647,-3.137834933664298,1,
628.000000000,-19.408521056984032,8.934620386727493,-3.137834933664298,1,
628.100000000,-19.48352052746744,8.93433855839634,-3.137834933664298,1,
628.200000000,-19.55851999795085,8.934056730065185,-3.137834933664298,1,
628.300000000,-19.633519468434258,8.933774901734031,-3.137834933664298,1,
628.400000000,-19.708518938917667,8.933493073402877,-3.137834933664298,1,
628.500000000,-19.783518409401076,8.933211245071723,-3.137834933664298,1,
628.600000000,-19.858517879884484,8.932929416740569,-3.137834933664298,1,
628.700000000,-19.933517350367893,8.932647588409415,-3.137834933664298,1,
628.800000000,-20.008516820851302,8.93236576007826,-3.137834933664298,1,
628.900000000,-20.08351629133471,8.932083931747107,-3.137834933664298,1,
629.000000000,-20.15704398629398,8.931807633962197,3.1188785876000162,1,
629.100000000,-20.230553233532792,8.933477615061829,3.0924068016847444,1,
629.200000000,-20.303992524053587,8.93709270486598,3.0659350157694725,1,
629.300000000,-20.3773103978785,8.942650370228705,3.0394632298542006,1,
629.400000000,-20.450455480108104,8.950146716813133,3.0129914439389287,1,
629.500000000,-20.52337651692056,8.9595764918203,2.986519658023657,1,
629.600000000,-20.596022411485908,8.970933087669854,2.960047872108385,1,
629.700000000,-20.668342259770352,8.984208546630082,2.933576086193113,1,
629.800000000,-20.7340141690898,8.99806990198625,2.900694912508624,1,
629.900000000,-20.799194884798204,9.014082745135173,2.8678137388241347,1,
630.000000000,-20.86381394170708,9.032229765005647,2.8349325651396455,1,
630.100000000,-20.927801481822762,9.052491343323132,2.8020513914551564,1,
630.200000000,-20.991088329868088,9.074845575818554,2.769170217770667,1,
630.300000000,-21.053606068065996,9.099268295908452,2.736289044086178,1,
630.400000000,-21.115287110104216,9.125733100820845,2.703407870401689,1,
630.500000000,-21.17606477420109,9.154211380138586,2.6705266967171997,1,
630.600000000,-21.240736041248667,9.187148949835608,2.643102562396398,1,
630.700000000,-21.304479819619793,9.221847465626023,2.6156784280755967,1,
630.800000000,-21.368071824842826,9.25875891558675,2.589206642160325,1,
630.900000000,-21.430664552259113,9.297340630700003,2.562734856245053,1,
631.000000000,-21.49221414223514,9.337565576197447,2.536263070329781,1,
631.100000000,-21.552677466078965,9.379405565875345,2.509791284414509,1,
631.200000000,-21.612012156261095,9.422831281845038,2.4833194984992373,1,
631.300000000,-21.670176636102045,9.467812295076415,2.4568477125839654,1,
631.400000000,-21.727130148905722,9.514317086719975,2.4303759266686935,1,
631.500000000,-21.782832786518227,9.562313070192548,2.4039041407534216,1,
631.600000000,-21.837245517292086,9.61176661401118,2.3774323548381497,1,
631.700000000,-21.89033021343628,9.662643065359209,2.350960568922878,1,
631.800000000,-21.94308492631127,9.715952916882895,2.331600608348391,1,
631.900000000,-21.994797740895734,9.770274043599418,2.3122406477739044,1,
632.000000000,-22.045449275414654,9.825586086147842,2.2928806871994176,1,
632.100000000,-22.09502054585691,9.881868313775579,2.273520726624931,1,
632.200000000,-22.14349297309045,9.939099632108196,2.254160766050444,1,
632.300000000,-22.190848389825646,9.997258591055513,2.2348008054759574,1,
632.400000000,-22.237069047424363,10.056323392851018,2.2154408449014706,1,
632.500000000,-22.282137622552057,10.11627190022159,2.196080884326984,1,
632.600000000,-22.32603722367051,10.17708164468447,2.176720923752497,1,
632.700000000,-22.36875139736872,10.238729834968364,2.1573609631780104,1,
632.800000000,-22.41026413452957,10.301193365555532,2.1328372356753404,1,
632.900000000,-22.450232704098838,10.364656058900415,2.108313508172671,1,
633.000000000,-22.48863306965546,10.429079749613674,2.0847871454536038,1,
633.100000000,-22.525507293295316,10.49438894981516,2.0612607827345353,1,
633.200000000,-22.5608349664552,10.560547513199717,2.0377344200154677,1,
633.300000000,-22.594596536532254,10.627518823370059,2.0142080572964014,1,
633.400000000,-22.62677331770563,10.69526581410264,1.9906816945773331,1,
633.500000000,-22.65734750127843,10.763750989862485,1.9671553318582657,1,
633.600000000,-22.68630216553417,10.83293644655562,1.9436289691391972,1,
633.700000000,-22.713621285102352,10.902783892507632,1.92010260642013,1,
633.800000000,-22.739289739827942,10.973254669656747,1.8986221029240147,1,
633.900000000,-22.763438641546955,11.044260518329695,1.8771415994278997,1,
634.000000000,-22.78605684809405,11.115768676833415,1.8567115170172548,1,
634.100000000,-22.807209518573224,11.187723972202132,1.8362814346066099,1,
634.200000000,-22.82688782441509,11.260096372184405,1.8180123995014414,1,
634.300000000,-22.84524074608625,11.332816178744462,1.7997433643962735,1,
634.400000000,-22.862262158329187,11.405859121766056,1.7814743292911048,1,
634.500000000,-22.87794638027546,11.479200823286678,1.763205294185937,1,
634.600000000,-22.892288177341705,11.552816805633658,1.7460491553227016,1,
634.700000000,-22.90536495976576,11.626667992228281,1.728893016459467,1,
634.800000000,-22.91717287871211,11.700732646754961,1.7117368775962323,1,
634.900000000,-22.927708458804602,11.77498897006897,1.6945807387329963,1,
635.000000000,-22.936968599149342,11.849415106612497,1.6785607036599661,1,
635.100000000,-22.945035292932147,11.92398003436955,1.6625406685869357,1,
635.200000000,-22.951906469948707,11.998664617292714,1.646520633513905,1,
635.300000000,-22.957580366807395,12.07344968862675,1.6305005984408747,1,
635.400000000,-22.96205552738182,12.14831605582747,1.6168277248548546,1,
635.500000000,-22.96550666317234,12.223236611496494,1.6031548512688345,1,
635.600000000,-22.967933129007896,12.298197349643534,1.591938826832814,1,
635.700000000,-22.96951869837826,12.373180587568898,1.580722802396794,1,
635.800000000,-22.970263171822157,12.448176892539818,1.5695067779607748,1,
635.900000000,-22.970166455686403,12.52317683017972,1.558290753524754,1,
636.000000000,-22.969228562137683,12.598170965655044,1.5470747290887341,1,
636.100000000,-22.967449609161026,12.673149864862133,1.5358587046527143,1,
636.200000000,-22.96482982054495,12.74810409561402,1.5259162581909658,1,
636.300000000,-22.96146494526532,12.823028575020636,1.5159738117292174,1,
636.400000000,-22.95735531594486,12.897915896690252,1.506031365267469,1,
636.500000000,-22.952501338826295,12.97275865790423,1.4960889188057205,1,
636.600000000,-22.94690349373219,13.047549460348797,1.4861464723439723,1,
636.700000000,-22.94056233401752,13.122280910846383,1.476204025882224,1,
636.800000000,-22.933478486514982,13.196945622086439,1.470284955506763,1,
636.900000000,-22.925952820005,13.271567095829461,1.4643658851313028,1,
637.000000000,-22.9179855981515,13.346142717690341,1.4598623845451113,1,
637.100000000,-22.90968260687003,13.420681703032106,1.4553588839589193,1,
637.200000000,-22.901044014557574,13.495182540093571,1.4523120092531718,1,
637.300000000,-22.89217846797825,13.56965671067539,1.4492651345474241,1,
637.400000000,-22.88308604943482,13.644103523401196,1.4462182598416762,1,
637.500000000,-22.873766843336185,13.718522287148595,1.4431713851359287,1,
637.600000000,-22.86422093619662,13.792912311055586,1.4401245104301803,1,
637.700000000,-22.854448416634966,13.867272904526974,1.4370776357244328,1,
637.800000000,-22.844449375373806,13.941603377240778,1.4340307610186855,1,
637.900000000,-22.83422390523862,14.015903039154642,1.4309838863129376,1,
638.000000000,-22.82377210115693,14.090171200512238,1.4309838863129376,1,
638.100000000,-22.81332029707524,14.164439361869833,1.4309838863129376,1,
638.200000000,-22.80286849299355,14.23870752322743,1.429437257174367,1,
638.300000000,-22.792301836155907,14.312959430699733,1.4278906280357964,1,
638.400000000,-22.781620351838406,14.387194906671636,1.4278906280357964,1,
638.500000000,-22.770938867520904,14.46143038264354,1.4278906280357964,1,
638.600000000,-22.760257383203403,14.535665858615443,1.4248437533300486,1,
638.700000000,-22.749349762622305,14.609868444913085,1.421796878624301,1,
638.800000000,-22.73821610703784,14.684037452681332,1.418750003918553,1,
638.900000000,-22.726856519808607,14.758172193376781,1.4157031292128057,1,
639.000000000,-22.715271106390635,14.83227197877414,1.4126562545070576,1,
639.100000000,-22.703459974336393,14.906336120972624,1.40960937980131,1,
639.200000000,-22.6914232332938,14.980363932402339,1.406562505095562,1,
639.300000000,-22.679160995005198,15.054354725830667,1.4035156303898146,1,
639.400000000,-22.666673373306317,15.128307814368641,1.4019690012512442,1,
639.500000000,-22.654071388586992,15.202241500744568,1.4004223721126745,1,
639.600000000,-22.641355070991942,15.276155608104544,1.398875742974104,1,
639.700000000,-22.62852445093938,15.350049959641497,1.3973291138355337,1,
639.800000000,-22.615579559120935,15.423924378595617,1.4003759885412812,1,
639.900000000,-22.60285981313929,15.497837896047855,1.4034228632470287,1,
640.000000000,-22.590365331077425,15.571789825826636,1.4064697379527764,1,
640.100000000,-22.578096228927095,15.645779481403782,1.409516612658524,1,
640.200000000,-22.56605262058775,15.719806175900892,1.4154356830339845,1,
640.300000000,-22.554447389879897,15.793902860173654,1.4213547534094453,1,
640.400000000,-22.543280943396176,15.868066938223112,1.4272738237849054,1,
640.500000000,-22.5325536723563,15.942295811689151,1.4331928941603662,1,
640.600000000,-22.522265952593344,16.016586879941524,1.4376963947465575,1,
640.700000000,-22.51231290589399,16.090923525422742,1.442199895332749,1,
640.800000000,-22.502694734120784,16.165304240475376,1.4467033959189408,1,
640.900000000,-22.49341163234452,16.239727516548196,1.451206896505132,1,
641.000000000,-22.48678783592396,16.29485102724692,1.4956868450752807,1,
641.100000000,-22.482621673404367,16.35021454592695,1.5401667936454286,1,
641.200000000,-22.481963838478062,16.371684974165955,1.6186862900303713,1,
641.300000000,-22.482992145839596,16.393140850273138,1.6972057864153132,1,
641.400000000,-22.485295379226923,16.411264116100167,1.7789367511842562,1,
641.500000000,-22.48907050761168,16.429138848376546,1.8606677159531992,1,
641.600000000,-22.49636064807049,16.45358003849404,1.935162463116409,1,
641.700000000,-22.505449626406225,16.477410867163666,2.0096572102796184,1,
641.800000000,-22.516697715187952,16.501374088026186,2.0831854242547307,1,
641.900000000,-22.529675797448046,16.524446253858585,2.156713638229842,1,
642.000000000,-22.544313740111107,16.546502683532047,2.2302418522049536,1,
642.100000000,-22.560532440277647,16.56742418491831,2.303770066180065,1,
642.200000000,-22.57824425269324,16.58709769899949,2.3772982801551765,1,
642.300000000,-22.59735346338021,16.60541691083484,2.450826494130288,1,
642.400000000,-22.617756806872432,16.622282824082745,2.5243547081053994,1,
642.500000000,-22.63934402425808,16.637604295973276,2.597882922080511,1,
642.600000000,-22.67672819263288,16.66020241197795,2.6541993909499335,1,
642.700000000,-22.715325067388452,16.68066047032029,2.710515859819356,1,
642.800000000,-22.760750884374847,16.7015529368,2.760515859774484,1,
642.900000000,-22.8071641190365,16.720148948542562,2.8105158597296116,1,
643.000000000,-22.85444876245851,16.736402025203322,2.8605158596847393,1,
643.100000000,-22.9024866276579,16.75027154255514,2.910515859639867,1,
643.200000000,-22.951157644989525,16.7617228340278,2.9605158595949947,1,
643.300000000,-23.00034016225765,16.770727277356393,3.0105158595501225,1,
643.400000000,-23.049911248783086,16.77726236612206,3.06051585950525,1,
643.500000000,-23.09974700266586,16.781311766006322,3.110515859460378,1,
643.600000000,-23.166381479685516,16.783383218820536,-3.1400097847607396,1,
643.700000000,-23.23304806283641,16.783277694276,-3.1073501218022708,1,
643.800000000,-23.308004096470857,16.78071000625144,-3.1000541560832047,1,
643.900000000,-23.382939401519902,16.77759551476699,-3.0927581903641386,1,
644.000000000,-23.457849989111338,16.773934385609767,-3.0828157439023904,1,
644.100000000,-23.532720474212596,16.769528655170628,-3.0728732974406423,1,
644.200000000,-23.60754345576936,16.764378758962316,-3.064236894748336,1,
644.300000000,-23.682319170891134,16.75858286144532,-3.05560049205603,1,
644.400000000,-23.75704204228256,16.752141394918176,-3.0469640893637235,1,
644.500000000,-23.83170649658974,16.74505483983047,-3.0383276866714173,1,
644.600000000,-23.906306964815926,16.737323724747,-3.029691283979111,1,
644.700000000,-23.9808378827369,16.728948626308355,-3.0210548812868048,1,
644.800000000,-24.055293691315992,16.7199301691879,-3.022601510425375,1,
644.900000000,-24.129763359046667,16.711026878330973,-3.0241481395639456,1,
645.000000000,-24.204246707792915,16.702238775034786,-3.025694768702516,1,
645.100000000,-24.27874355938601,16.69356588032102,-3.0272413978410864,1,
645.200000000,-24.353253735624925,16.685008214935774,-3.0287880269796568,1,
645.300000000,-24.427777058276753,16.676565799349504,-3.030334656118227,1,
645.400000000,-24.50231334907715,16.668238653756987,-3.0318812852567976,1,
645.500000000,-24.57686242973074,16.660026798077265,-3.033427914395368,1,
645.600000000,-24.651424121911557,16.651930251953598,-3.0349745435339384,1,
645.700000000,-24.725998247263476,16.643949034753422,-3.0365211726725088,1,
645.800000000,-24.80058462740062,16.636083165568298,-3.0292252069534427,1,
645.900000000,-24.875111633785675,16.62767333089202,-3.0219292412343766,1,
646.000000000,-24.94957529928053,16.618719978387485,-3.0174257406481853,1,
646.100000000,-25.023997888366633,16.609431370648938,-3.012922240061994,1,
646.200000000,-25.098377891643498,16.599807696063117,-3.012922240061994,1,
646.300000000,-25.172757894920363,16.590184021477295,-3.012922240061994,1,
646.400000000,-25.247137898197227,16.580560346891474,-3.012922240061994,1,
646.500000000,-25.321517901474092,16.570936672305653,-3.012922240061994,1,
646.600000000,-25.395897904750957,16.56131299771983,-3.012922240061994,1,
646.700000000,-25.47027790802782,16.55168932313401,-3.012922240061994,1,
646.800000000,-25.544657911304686,16.54206564854819,-3.012922240061994,1,
646.900000000,-25.61903791458155,16.532441973962367,-3.012922240061994,1,
647.000000000,-25.693417917858415,16.522818299376546,-3.012922240061994,1,
647.100000000,-25.76779792113528,16.513194624790724,-3.012922240061994,1,
647.200000000,-25.842177924412145,16.503570950204903,-3.012922240061994,1,
647.300000000,-25.91655792768901,16.49394727561908,-3.012922240061994,1,
647.400000000,-25.990937930965874,16.48432360103326,-3.012922240061994,1,
647.500000000,-26.06531793424274,16.47469992644744,-3.012922240061994,1,
647.600000000,-26.139697937519603,16.465076251861618,-3.0174257406481857,1,
647.700000000,-26.214120526605708,16.45578764412307,-3.0219292412343775,1,
647.800000000,-26.28858419210056,16.446834291618536,-3.027848311609838,1,
647.900000000,-26.36309954838141,16.438321849058468,-3.0337673819852986,1,
648.000000000,-26.437663984780997,16.430250614678776,-3.039686452360759,1,
648.100000000,-26.512274888912536,16.422620871257514,-3.0456055227362198,1,
648.200000000,-26.586929646761227,16.415432886104966,-3.0515245931116803,1,
648.300000000,-26.661625642775846,16.408686911054293,-3.057443663487141,1,
648.400000000,-26.73636025996037,16.4023831824527,-3.0633627338626015,1,
648.500000000,-26.81113087996568,16.396521921153152,-3.069281804238062,1,
648.600000000,-26.885934883181285,16.391103332506653,-3.0708284333766325,1,
648.700000000,-26.96074717747276,16.385800444345882,-3.072375062515203,1,
648.800000000,-27.03556758388452,16.380613269355674,-3.0739216916537733,1,
648.900000000,-27.110395923441573,16.37554181994407,-3.0754683207923437,1,
649.000000000,-27.185232017149946,16.370586108242282,-3.077014949930914,1,
649.100000000,-27.260075685997126,16.36574614610468,-3.0785615790694845,1,
649.200000000,-27.334926750952476,16.361021945108746,-3.080108208208055,1,
649.300000000,-27.409785032967665,16.35641351655506,-3.0816548373466253,1,
649.400000000,-27.484650352977102,16.351920871467268,-3.0832014664851957,1,
649.500000000,-27.559522531898356,16.34754402059205,-3.084748095623766,1,
649.600000000,-27.63440139063259,16.3432829743991,-3.0862947247623365,1,
649.700000000,-27.709286750064994,16.3391377430811,-3.087841353900907,1,
649.800000000,-27.784178431065204,16.335108336553702,-3.0893879830394773,1,
649.900000000,-27.859076254487732,16.33119476445549,-3.0909346121780477,1,
650.000000000,-27.916119037311795,16.328302614396605,-3.13381855835536,1,
650.100000000,-27.97323336519436,16.327858593227322,3.106482802646914,1,
650.200000000,-27.996745229024892,16.32868443062673,3.0300091654808856,1,
650.300000000,-28.020125281861414,16.331304140068077,2.953535528314857,1,
650.400000000,-28.02164464303305,16.331593283390156,2.8550821576274505,1,
650.500000000,-28.023128225348586,16.332030371188658,2.756628786940044,1,
650.600000000,-28.02456165995857,16.332611170163748,2.658175416252637,1,
650.700000000,-28.025931063706075,16.333330055138482,2.5597220455652305,1,
650.800000000,-28.02722317358837,16.334180063539996,2.461268674877824,1,
650.900000000,-28.02842547521231,16.335152962833682,2.362815304190417,1,
651.000000000,-28.029526323999185,16.336239330257257,2.2643619335030105,1,
651.100000000,-28.030515057965285,16.337428644082472,2.165908562815604,1,
651.200000000,-28.03138210098574,16.338709385520566,2.0674551921281976,1,
651.300000000,-28.03211905554159,16.34006915028448,1.9690018214407916,1,
651.400000000,-28.032718784051745,16.34149476872736,1.870548450753384,1,
651.500000000,-28.033175478002196,16.342972433393715,1.772095080065977,1,
651.600000000,-28.033484714202835,16.34448783274794,1.6736417093785703,1,
651.700000000,-28.03364349762712,16.34602628978496,1.5751883386911643,1,
651.800000000,-28.033650290419622,16.347572904180517,1.4767349680037578,1,
651.900000000,-28.03350502679052,16.349112696604394,1.3782815973163511,1,
652.000000000,-28.0332091136528,16.350630753798804,1.2798282266289438,1,
652.100000000,-28.032765416995943,16.352112373016844,1.1813748559415373,1,
652.200000000,-28.032178234128168,16.353543204422134,1.0829214852541305,1,
652.300000000,-28.031453252055943,16.3549093900704,0.9844681145667239,1,
652.400000000,-28.03059749240398,16.35619769812698,0.8860147438793173,1,
652.500000000,-28.029619243409126,16.35739565102031,0.7875613731919104,1,
652.600000000,-28.028527979646793,16.358491646290183,0.6891080025045039,1,
652.700000000,-28.027334270267442,16.35947506896036,0.5906546318170972,1,
652.800000000,-27.991715881298383,16.383357347219366,0.5335385780859718,1,
652.900000000,-27.95479225450844,16.40516740527222,0.47642252435484655,1,
653.000000000,-27.88814416098436,16.43956263211557,0.45289616163577884,1,
653.100000000,-27.82070539118986,16.472380498112685,0.4293697989167111,1,
653.200000000,-27.752513270070658,16.50360283974915,0.407889295420596,1,
653.300000000,-27.683666260635196,16.53335329002799,0.386408791924481,1,
653.400000000,-27.614196128500442,16.56161812226135,0.36492828842836594,1,
653.500000000,-27.54413492678862,16.58838429521706,0.34344778493225087,1,
653.600000000,-27.47351498133807,16.613639459135783,0.32301770252160567,1,
653.700000000,-27.402393844155302,16.637446681691756,0.30258762011096035,1,
653.800000000,-27.330801199336026,16.659796026375233,0.28110711661484544,1,
653.900000000,-27.258745032476757,16.680602487332088,0.25962661311873036,1,
654.000000000,-27.18625858988137,16.699856464580066,0.2391965307080852,1,
654.100000000,-27.113393941276676,16.717625622796334,0.21876644829743996,1,
654.200000000,-27.04018149845429,16.733902545600696,0.19833636588679465,1,
654.300000000,-26.966651818366007,16.74868043943285,0.17790628347614948,1,
654.400000000,-26.892835590370115,16.76195313638783,0.1574762010655043,1,
654.500000000,-26.81876362342249,16.77371509679034,0.1370461186548591,1,
654.600000000,-26.744466833217732,16.783961411506862,0.11877708354969085,1,
654.700000000,-26.66999526135822,16.79284876121155,0.1005080484445226,1,
654.800000000,-26.595373762608997,16.800374179766003,0.08223901333935436,1,
654.900000000,-26.52062724177296,16.806535155574117,0.06396997823418611,1,
655.000000000,-26.445780645378928,16.811329632420314,0.04570094312901785,1,
655.100000000,-26.370858953355764,16.8147560101558,0.027431908023849615,1,
655.200000000,-26.29588717069538,16.81681314523263,0.009162872918681366,1,
655.300000000,-26.220890319107358,16.817500351085336,-0.009106162186486882,1,
655.400000000,-26.145893428667986,16.816817398360097,-0.02737519729165513,1,
655.500000000,-26.070921529466524,16.814764514991264,-0.04564423239682338,1,
655.600000000,-25.995999643251448,16.811342386125297,-0.06391326750199161,1,
655.700000000,-25.92115277507948,16.806552153892092,-0.08218230260715986,1,
655.800000000,-25.846405904970194,16.800395417023807,-0.10045133771232811,1,
655.900000000,-25.77178397956897,16.792874230321285,-0.11872037281749635,1,
656.000000000,-25.697311903821102,16.783991103968255,-0.13117931090292786,1,
656.100000000,-25.622956279425615,16.774180848071634,-0.1436382489883594,1,
656.200000000,-25.548728648095285,16.763444985410054,-0.15609718707379094,1,
656.300000000,-25.4746405316754,16.75178518243772,-0.16855612515922247,1,
656.400000000,-25.400703430355314,16.739203249025753,-0.181015063244654,1,
656.500000000,-25.32692882088334,16.72570113818124,-0.19347400133008555,1,
656.600000000,-25.253328154785297,16.711280945744093,-0.20593293941551707,1,
656.700000000,-25.179912856586974,16.695944910061723,-0.21839187750094854,1,
656.800000000,-25.106694322040767,16.679695411641593,-0.24090414487027387,1,
656.900000000,-25.033860122522217,16.66180185468686,-0.263416412239599,1,
657.000000000,-24.961447169003655,16.64227330730825,-0.2859286796089244,1,
657.100000000,-24.889492158978033,16.621119666198204,-0.3084409469782497,1,
657.200000000,-24.818031557861342,16.59835165161543,-0.33095321434757496,1,
657.300000000,-24.74710158051265,16.573980801952082,-0.3534654817169002,1,
657.400000000,-24.67673817288108,16.548019467886323,-0.3759777490862255,1,
657.500000000,-24.606976993789136,16.52048080612324,-0.3984900164555507,1,
657.600000000,-24.538319062004717,16.49157482448316,-0.42399526918105745,1,
657.700000000,-24.47042063505385,16.460927296212706,-0.44950052190656437,1,
657.800000000,-24.403325879685422,16.428558156997372,-0.475005774632071,1,
657.900000000,-24.337078439873903,16.39448846240071,-0.5005110273575777,1,
658.000000000,-24.27172140842969,16.35874037416804,-0.5260162800830845,1,
658.100000000,-24.207297298967983,16.321337145810634,-0.5515215328085913,1,
658.200000000,-24.14384801825441,16.2823031074797,-0.5770267855340979,1,
658.300000000,-24.081414838945417,16.241663650140044,-0.6025320382596048,1,
658.400000000,-24.02003837274111,16.19944520905369,-0.6280372909851114,1,
658.500000000,-23.959758543968046,16.155675246584195,-0.6535425437106182,1,
658.600000000,-23.90021342583279,16.110075039279206,-0.6750230472067331,1,
658.700000000,-23.84166148467373,16.063206391053487,-0.6965035507028483,1,
658.800000000,-23.784129736022127,16.015090926833665,-0.7190158180721736,1,
658.900000000,-23.727695662066452,15.96569259389858,-0.7415280854414987,1,
659.000000000,-23.672387862510632,15.915036426373852,-0.7640403528108238,1,
659.100000000,-23.618234366284383,15.86314809583149,-0.7865526201801493,1,
659.200000000,-23.565262617338675,15.810053898280035,-0.8090648875494747,1,
659.300000000,-23.513499460737673,15.755780740838256,-0.8315771549187996,1,
659.400000000,-23.462971129054175,15.700356128099127,-0.8540894222881248,1,
659.500000000,-23.41370322907544,15.643808148191038,-0.8766016896574503,1,
659.600000000,-23.36572072882618,15.586165458543265,-0.8991139570267754,1,
659.700000000,-23.319047944915212,15.527457271362938,-0.9216262243961005,1,
659.800000000,-23.273708530212307,15.467713338830857,-0.9441384917654257,1,
659.900000000,-23.229725461861335,15.406963938023656,-0.9666507591347506,1,
660.000000000,-23.187121029635918,15.345239855569968,-0.9884402733633681,1,
660.100000000,-23.145871542288752,15.282602168882192,-1.0102297875919857,1,
660.200000000,-23.108654914176878,15.223315386274411,-1.0305666675386955,1,
660.300000000,-23.072651607058738,15.163284045488476,-1.050903547485405,1,
660.400000000,-23.038704489459636,15.10397942803623,-1.0684485654229487,1,
660.500000000,-23.005803043852623,15.044088365919974,-1.0859935833604923,1,
660.600000000,-22.977064290235642,14.989527740755666,-1.1039094061706887,1,
660.700000000,-22.949307594931863,14.934461020828008,-1.1218252289808854,1,
660.800000000,-22.91675468252835,14.86689395863015,-1.145351591699953,1,
660.900000000,-22.885800239139513,14.79857981342956,-1.1688779544190206,1,
661.000000000,-22.856461396942034,14.729556394660918,-1.192404317138088,1,
661.100000000,-22.828754393935153,14.65986190431644,-1.2159306798571559,1,
661.200000000,-22.80269456495351,14.589534915802446,-1.237411183353271,1,
661.300000000,-22.778151290852605,14.51866441632341,-1.258891686849386,1,
661.400000000,-22.755135895758947,14.447283105123049,-1.2834154143520553,1,
661.500000000,-22.73387778156381,14.375358890974638,-1.3079391418547253,1,
661.600000000,-22.71438973253716,14.302935027882873,-1.3314655045737926,1,
661.700000000,-22.696610789377242,14.230072766182344,-1.3549918672928607,1,
661.800000000,-22.680550792092856,14.156812432527456,-1.378518230011928,1,
661.900000000,-22.666218629317775,14.083194573891195,-1.4020445927309961,1,
662.000000000,-22.653622233391207,14.009259935123827,-1.4255709554500633,1,
662.100000000,-22.64276857596752,13.935049436402089,-1.449097318169131,1,
662.200000000,-22.63366366415769,13.860604150581326,-1.472623680888199,1,
662.300000000,-22.62631253720458,13.785965280463142,-1.496150043607266,1,
662.400000000,-22.620719263693886,13.711174135991122,-1.517630547103381,1,
662.500000000,-22.616733708431553,13.636280108530643,-1.539111050599496,1,
662.600000000,-22.614357710330015,13.561317753758255,-1.5595411330101412,1,
662.700000000,-22.61351358861856,13.486322504185123,-1.5799712154207866,1,
662.800000000,-22.614201695611428,13.411325660859779,-1.6024834827901115,1,
662.900000000,-22.616577834627183,13.336363310553924,-1.624995750159437,1,
663.000000000,-22.61982820811283,13.276451416307424,-1.6212208701285422,1,
663.100000000,-22.622852398763964,13.216527679183429,-1.6174459900976488,1,
663.200000000,-22.62471770857917,13.176571195112714,-1.6136648768548236,1,
663.300000000,-22.62643192542933,13.136607943736099,-1.6098837636119985,1,
663.400000000,-22.62786476652519,13.099969283678197,-1.606417743139409,1,
663.500000000,-22.629170608922895,13.063325877449016,-1.6029517226668195,1,
663.600000000,-22.630617352392285,13.018349139757918,-1.5986979702686415,1,
663.700000000,-22.631872763443866,12.973366654910018,-1.5944442178704636,1,
663.800000000,-22.63364618997367,12.898387624785967,-1.5709178551513958,1,
663.900000000,-22.633655304600385,12.823387625339809,-1.5473914924323289,1,
664.000000000,-22.632017115767457,12.753406796984125,-1.525856680582267,1,
664.100000000,-22.628872399278816,12.683477470101865,-1.5043218687322062,1,
664.200000000,-22.62444403180801,12.616958044322715,-1.4838125241131,1,
664.300000000,-22.61865242147747,12.5505434247407,-1.463303179493994,1,
664.400000000,-22.612572866915286,12.494203828297023,-1.4418906305200978,1,
664.500000000,-22.60528842384581,12.438007315947246,-1.420478081546202,1,
664.600000000,-22.595055316078255,12.370444545504775,-1.406326928526921,1,
664.700000000,-22.583867173716875,12.303033345285924,-1.3921757755076407,1,
664.800000000,-22.572318478012555,12.239067513566724,-1.3797763623779435,1,
664.900000000,-22.559977551626297,12.175249792392046,-1.3673769492482462,1,
665.000000000,-22.54785638879743,12.116486900941096,-1.3559313371285258,1,
665.100000000,-22.535063457330562,12.057866589576484,-1.3444857250088051,1,
665.200000000,-22.522348378897643,12.00264487381578,-1.3336759802290694,1,
665.300000000,-22.50903712231123,11.947563828444421,-1.322866235449334,1,
665.400000000,-22.49635823233664,11.897477001898345,-1.3130102916795743,1,
665.500000000,-22.483186313214517,11.847517568443944,-1.303154347909815,1,
665.600000000,-22.4704041714669,11.800905038331805,-1.2939342714800404,1,
665.700000000,-22.457192808018032,11.75441234012087,-1.2847141950502656,1,
665.800000000,-22.444493998511486,11.711241282256642,-1.2753951430619592,1,
665.900000000,-22.43139343290377,11.668190438121387,-1.2660760910736524,1,
666.000000000,-22.41889233660559,11.628443316182123,-1.2574473392326275,1,
666.100000000,-22.406048741895667,11.588805541445915,-1.2488185873916027,1,
666.200000000,-22.39391841599077,11.552442103243711,-1.24088013569786,1,
666.300000000,-22.381499805938805,11.516176105824341,-1.232941684004117,1,
666.400000000,-22.36989857361334,11.483154727771169,-1.2256935324576566,1,
666.500000000,-22.35805830416925,11.450218303868574,-1.2184453809111955,1,
666.600000000,-22.346554795094413,11.41893283775288,-1.2126277829548318,1,
666.700000000,-22.33486947544688,11.38771482346872,-1.2068101849984678,1,
666.800000000,-22.323596077445615,11.358122792864469,-1.2012834669399226,1,
666.900000000,-22.312159305637348,11.328593518772758,-1.195756748881377,1,
667.000000000,-22.301170024946867,11.300678725026327,-1.1905209107206498,1,
667.100000000,-22.290034738211563,11.272821851739423,-1.1852850725599222,1,
667.200000000,-22.280007193751068,11.24811235026319,-1.1806309941948314,1,
667.300000000,-22.269864758349843,11.22344978520513,-1.1759769158297402,1,
667.400000000,-22.26024872086295,11.20037313416884,-1.1716137173624674,1,
667.500000000,-22.250532087219618,11.177338659339984,-1.1672505188951943,1,
667.600000000,-22.241369512054614,11.155879589910251,-1.1631782003257398,1,
667.700000000,-22.23211962493918,11.134458011238356,-1.1591058817562858,1,
667.800000000,-22.22344951110461,11.114601688050513,-1.155324443084649,1,
667.900000000,-22.21470437396872,11.094778292253654,-1.1515430044130126,1,
668.000000000,-22.205884338580507,11.074988107307698,-1.1491509821464259,1,
668.100000000,-22.197016989907485,11.055219076680086,-1.1467589598798384,1,
668.200000000,-22.18878811801125,11.036990372191962,-1.1445509393260656,1,
668.300000000,-22.180519016852866,11.018779881643038,-1.1423429187722929,1,
668.400000000,-22.172902167589267,11.002103709468143,-1.1403188999313345,1,
668.500000000,-22.165251581063824,10.985442988087367,-1.1382948810903757,1,
668.600000000,-22.156868716577815,10.967284585541735,-1.1364043244689632,1,
668.700000000,-22.148451537605123,10.949142063717533,-1.1345137678475508,1,
668.800000000,-22.14000007423045,10.931015487459822,-1.1326232112261383,1,
668.900000000,-22.13151435666105,10.912904921556672,-1.1307326546047258,1,
669.000000000,-22.1229944152266,10.894810430738925,-1.1288420979833136,1,
669.100000000,-22.114440280379103,10.87673207967997,-1.126951541361901,1,
669.200000000,-22.105851982692776,10.858669932995507,-1.1250609847404884,1,
669.300000000,-22.09722955286394,10.840624055243323,-1.123170428119076,1,
669.400000000,-22.08857302171091,10.82259451092305,-1.1212798714976635,1,
669.500000000,-22.07988242017389,10.804581364475947,-1.119389314876251,1,
669.600000000,-22.07115777931486,10.78658468028466,-1.1174987582548386,1,
669.700000000,-22.062399130317456,10.768604522672996,-1.115608201633426,1,
669.800000000,-22.05360650448687,10.750640955905695,-1.1143499082897952,1,
669.900000000,-22.04479128218645,10.732688467058905,-1.1130916149461636,1,
670.000000000,-22.03595347737335,10.714747084556835,-1.111833321602532,1,
670.100000000,-22.02709310404049,10.696816836806113,-1.1105750282589009,1,
670.200000000,-22.01821017621651,10.678897752195732,-1.1093167349152693,1,
670.300000000,-22.009304707965768,10.660989859097016,-1.108058441571638,1,
670.400000000,-22.00037671338831,10.643093185863567,-1.1068001482280068,1,
670.500000000,-21.99142620661985,10.62520776083122,-1.1055418548843752,1,
670.600000000,-21.982453201831735,10.607333612318003,-1.1042835615407438,1,
670.700000000,-21.97345771323095,10.589470768624091,-1.1030252681971124,1,
670.800000000,-21.964439755060063,10.57161925803176,-1.1008172476433393,1,
670.900000000,-21.955382402401764,10.553787702776448,-1.0986092270895669,1,
671.000000000,-21.946285699413842,10.535976189793281,-1.0964012065357935,1,
671.100000000,-21.937149690445935,10.518184805919667,-1.0941931859820209,1,
671.200000000,-21.92797442003931,10.500413637894878,-1.091985165428248,1,
671.300000000,-21.918759932926644,10.482662772359628,-1.089777144874475,1,
671.400000000,-21.91027741227305,10.466409835564313,-1.0877531260335167,1,
671.500000000,-21.901762012766586,10.450174100830202,-1.0857291071925583,1,
671.600000000,-21.892436656248712,10.432481228654815,-1.0835210866387854,1,
671.700000000,-21.883072256269365,10.414808990171057,-1.0813130660850123,1,
671.800000000,-21.874452474965473,10.398628431423468,-1.0787038463668135,1,
671.900000000,-21.865790504418385,10.382470418632519,-1.0760946266486147,1,
672.000000000,-21.85392127602832,10.36046765931864,-1.0725365997601612,1,
672.100000000,-21.84197383652367,10.338507270221843,-1.0689785728717083,1,
672.200000000,-21.83075003711156,10.318050712075342,-1.0656577477758185,1,
672.300000000,-21.819458367059934,10.297631538931219,-1.0623369226799289,1,
672.400000000,-21.808910337761002,10.278705801895283,-1.0592532993766026,1,
672.500000000,-21.79830399885996,10.259812680936568,-1.0561696760732764,1,
672.600000000,-21.78845980102883,10.24240314995318,-1.0530019872704655,1,
672.700000000,-21.778560504703105,10.225024889618625,-1.0498342984676547,1,
672.800000000,-21.76860620921475,10.207678074310607,-1.0466666096648438,1,
672.900000000,-21.758597014447588,10.190362878091303,-1.0434989208620329,1,
673.000000000,-21.748533020836323,10.173079474705615,-1.0403312320592217,1,
673.100000000,-21.738414329365522,10.155828037579429,-1.0371635432564106,1,
673.200000000,-21.728241041568605,10.138608739817874,-1.0339958544535999,1,
673.300000000,-21.71801325952682,10.121421754203585,-1.0308281656507887,1,
673.400000000,-21.707731085868232,10.104267253194967,-1.0333547532167935,1,
673.500000000,-21.697492287331333,10.087086828155964,-1.0358813407827983,1,
673.600000000,-21.685597702934544,10.067012882194293,-1.0329336552891264,1,
673.700000000,-21.673643998619223,10.046974084885415,-1.029985969795454,1,
673.800000000,-21.662489329704236,10.028399429953453,-1.026554306925743,1,
673.900000000,-21.651270984641062,10.00986316337984,-1.0231226440560308,1,
674.000000000,-21.64085693316342,9.99278840037062,-1.0205960564900263,1,
674.100000000,-21.63039977408755,9.975740003845962,-1.018069468924022,1,
674.200000000,-21.618149540848318,9.955881095768508,-1.0151217834303499,1,
674.300000000,-21.605840823098774,9.936058383749046,-1.012174097936678,1,
674.400000000,-21.594357091738253,9.917685350290093,-1.00943696140684,1,
674.500000000,-21.582823113957033,9.89934381815707,-1.006699824877002,1,
674.600000000,-21.57034788864432,9.879625471425118,-1.0037521393833304,1,
674.700000000,-21.557814594128796,9.859943983345413,-1.000804453889658,1,
674.800000000,-21.546122714654476,9.841702700528616,-0.9984124316230709,1,
674.900000000,-21.534387235116206,9.823489437107382,-0.9960204093564836,1,
675.000000000,-21.519889989018324,9.801107726567556,-0.9930763819514531,1,
675.100000000,-21.505326913472352,9.778768793250288,-0.9901323545464225,1,
675.200000000,-21.493441030720387,9.76065332373799,-0.9877403322798352,1,
675.300000000,-21.481511849407433,9.742566337321035,-0.9853483100132482,1,
675.400000000,-21.468618483049653,9.723118829809568,-0.9827722860338459,1,
675.500000000,-21.45567506228111,9.703704600408098,-0.9801962620544442,1,
675.600000000,-21.44360977222786,9.685708122408906,-0.9778042397878572,1,
675.700000000,-21.43150146875696,9.667740556310486,-0.9754122175212699,1,
675.800000000,-21.419350221149315,9.64980200491908,-0.9726750809914319,1,
675.900000000,-21.40714991885671,9.631896780306874,-0.9699379444615936,1,
676.000000000,-21.39207389968874,9.609900763459317,-0.9669939170565629,1,
676.100000000,-21.376933189072034,9.587949226084174,-0.9640498896515324,1,
676.200000000,-21.362678247662824,9.567411537669457,-0.9608916551940269,1,
676.300000000,-21.348358514618717,9.546918972052982,-0.9577334207365212,1,
676.400000000,-21.33493309156083,9.527834882864306,-0.9547857352428492,1,
676.500000000,-21.321451473017248,9.50879045045245,-0.9518380497491773,1,
676.600000000,-21.3088807544769,9.491143312445855,-0.9491009132193393,1,
676.700000000,-21.296261780460135,9.47353064827462,-0.9463637766895011,1,
676.800000000,-21.283594645507197,9.45595258989127,-0.9432801533861747,1,
676.900000000,-21.270873366753854,9.438413675691008,-0.940196530082849,1,
677.000000000,-21.226651168940222,9.377838125998643,-0.9277375919974172,1,
677.100000000,-21.181677715782236,9.317818225040323,-0.915278653911986,1,
677.200000000,-21.135959988200074,9.258363289292957,-0.9028197158265548,1,
677.300000000,-21.089505082642525,9.199482547537785,-0.8903607777411237,1,
677.400000000,-21.042320209985448,9.141185139427858,-0.8779018396556925,1,
677.500000000,-20.99441269441248,9.083480114069353,-0.8654429015702609,1,
677.600000000,-20.945789972278153,9.02637642861694,-0.8529839634848295,1,
677.700000000,-20.896459590953604,8.969882946883429,-0.8405250253993982,1,
677.800000000,-20.846429207655042,8.914008437963897,-0.8318886227070921,1,
677.900000000,-20.795918141403742,8.858568089965738,-0.823252220014786,1,
678.000000000,-20.744930159667994,8.803566038017516,-0.8146158173224796,1,
678.100000000,-20.69346906548777,8.749006384556612,-0.8059794146301734,1,
678.200000000,-20.641538697191073,8.694893199023236,-0.797343011937867,1,
678.300000000,-20.58914292810766,8.641230517556899,-0.7887066092455609,1,
678.400000000,-20.53628566628012,8.588022342695371,-0.7800702065532545,1,
678.500000000,-20.482970854172397,8.535272643076148,-0.7714338038609483,1,
678.600000000,-20.42920246837574,8.482985353140432,-0.762797401168642,1,
678.700000000,-20.37498451931208,8.431164372839683,-0.7541609984763359,1,
678.800000000,-20.32032105093493,8.379813567344732,-0.7511141237705881,1,
678.900000000,-20.265501377061945,8.328629552687225,-0.7480672490648406,1,
679.000000000,-20.210526006608188,8.277612804030808,-0.7450203743590929,1,
679.100000000,-20.155395449934115,8.226763794986317,-0.7419734996533454,1,
679.200000000,-20.100110218840847,8.17608299760739,-0.7389266249475979,1,
679.300000000,-20.044670826565415,8.12557088238608,-0.7358797502418502,1,
679.400000000,-19.989077787775997,8.075227918248494,-0.727243347549544,1,
679.500000000,-19.93305204553908,8.025366949477297,-0.7186069448572376,1,
679.600000000,-19.876597778646016,7.97599169505196,-0.703747533434004,1,
679.700000000,-19.819416084028852,7.927460737914176,-0.68888812201077,1,
679.800000000,-19.76151958729397,7.879784793604407,-0.6706190869056017,1,
679.900000000,-19.702761806938586,7.83317445947443,-0.6523500518004338,1,
680.000000000,-19.643162353275578,7.787645291646863,-0.6298377844311086,1,
680.100000000,-19.58255312331563,7.743469265980646,-0.6073255170617835,1,
680.200000000,-19.520964832651487,7.700668770036454,-0.5848132496924584,1,
680.300000000,-19.45842869304503,7.659265494282939,-0.5623009823231333,1,
680.400000000,-19.394976396609767,7.619280421104417,-0.5397887149538082,1,
680.500000000,-19.330640099749882,7.5807338141674,-0.5172764475844831,1,
680.600000000,-19.26545240686398,7.543645208151355,-0.49476418021515806,1,
680.700000000,-19.199446353821802,7.508033398848913,-0.4722519128458329,1,
680.800000000,-19.134139634835616,7.47467458842292,-0.44969163376481625,1,
680.900000000,-19.06809701436592,7.442797479719751,-0.42713135468379965,1,
681.000000000,-19.005902893760705,7.414489604374038,-0.40610927644921585,1,
681.100000000,-18.94312746876403,7.387495337187634,-0.3850871982146324,1,
681.200000000,-18.884432308963337,7.363704806990044,-0.3656033208264814,1,
681.300000000,-18.825284787335708,7.341062329289486,-0.34611944343833073,1,
681.400000000,-18.75473256701233,7.3156185833498375,-0.32259308071926324,1,
681.500000000,-18.683601327175815,7.291841562524676,-0.29906671800019585,1,
681.600000000,-18.61193043642191,7.269744426544145,-0.27554035528112836,1,
681.700000000,-18.53975956202384,7.2493394053822415,-0.2520139925620609,1,
681.800000000,-18.467128647977873,7.230637792487966,-0.22749026505939124,1,
681.900000000,-18.394060986144417,7.213722805222472,-0.20296653755672156,1,
682.000000000,-18.320600518178246,7.198604615972727,-0.17844281005405188,1,
682.100000000,-18.24679142196109,7.185292316561791,-0.15391908255138223,1,
682.200000000,-18.174325048076632,7.1740494328651625,-0.13009163819007358,1,
682.300000000,-18.101611380668327,7.164536265684243,-0.10626419382876483,1,
682.400000000,-18.027034435304643,7.156581441976449,-0.08174046632609516,1,
682.500000000,-17.952284852221737,7.150457731587159,-0.057216738823425484,1,
682.600000000,-17.879071523834867,7.1462641264204585,-0.04441802331942533,1,
682.700000000,-17.805810520504178,7.143007875699383,-0.03161930781542516,1,
682.800000000,-17.73417967632527,7.140742202879283,-0.020268422938686255,1,
682.900000000,-17.662527729809362,7.139289732021452,-0.008917538061947354,1,
683.000000000,-17.595863713874632,7.138695237363344,0.0016414246140888376,1,
683.100000000,-17.529197137017103,7.138804665621812,0.01220038729012503,1,
683.200000000,-17.465868517191222,7.139577337647887,0.022231401832359405,1,
683.300000000,-17.402550833995505,7.140985210453859,0.0322624163745938,1,
683.400000000,-17.34424785654806,7.142866858279641,0.04150150871612547,1,
683.500000000,-17.285964751948793,7.145287084725437,0.05074060105765712,1,
683.600000000,-17.22937101687613,7.148161151815194,0.05971571933228788,1,
683.700000000,-17.172805355924357,7.151543031795368,0.06869083760691866,1,
683.800000000,-17.10795864464967,7.156004425844047,0.07073354489740075,1,
683.900000000,-17.043121181982166,7.160598273342569,0.07277625218788282,1,
684.000000000,-16.98328000335184,7.164960994985498,0.0746618281483278,1,
684.100000000,-16.923447157339226,7.169436543893834,0.07654740410877281,1,
684.200000000,-16.866946428932955,7.173769995251819,0.07832822584919305,1,
684.300000000,-16.81045350721809,7.178204057410725,0.0801090475896133,1,
684.400000000,-16.75895253628141,7.182338599347114,0.08173273799999654,1,
684.500000000,-16.70745834644568,7.186556757429304,0.08335642841037973,1,
684.600000000,-16.65929283301554,7.190580987432969,0.0848753646007382,1,
684.700000000,-16.61113348769458,7.194678373107694,0.08639430079109665,1,
684.800000000,-16.566301322704785,7.198561282110992,0.08568738430233958,1,
684.900000000,-16.52146642402483,7.202412497550068,0.08498046781358252,1,
685.000000000,-16.47995011850193,7.205949090096624,0.0843259155091778,1,
685.100000000,-16.43843150698799,7.209458507294064,0.08367136320477311,1,
685.200000000,-16.400232279248534,7.212662168411237,0.08306917508472078,1,
685.300000000,-16.362031129228633,7.215842825827788,0.08246698696466848,1,
685.400000000,-16.325489073322384,7.218863189148464,0.08189098093679231,1,
685.500000000,-16.288945283730765,7.221862503524778,0.08131497490891616,1,
685.600000000,-16.255722091774057,7.224570016649171,0.08079133306539243,1,
685.700000000,-16.22249748660516,7.227260132349674,0.08026769122186868,1,
685.800000000,-16.190932777797833,7.229799214011705,0.0797702314705211,1,
685.900000000,-16.159366809805228,7.232322593188021,0.07927277171917355,1,
686.000000000,-16.084602342884857,7.23826182597627,0.07197680600010724,1,
686.100000000,-16.009796533799275,7.243655426540967,0.06468084028104093,1,
686.200000000,-15.9349533645275,7.248503107776011,0.05738487456197465,1,
686.300000000,-15.86007681903727,7.252804611635063,0.05008890884290835,1,
686.400000000,-15.785170883072963,7.25655970914529,0.042792943123842055,1,
686.500000000,-15.710239543943445,7.259768200419549,0.03549697740477577,1,
686.600000000,-15.635286790309808,7.262429914667026,0.028201011685709473,1,
686.700000000,-15.56031661197306,7.264544710202331,0.02090504596664318,1,
686.800000000,-15.48533299966174,7.2661124744530365,0.011152955187479448,1,
686.900000000,-15.41033766417874,7.266948928750976,0.0014008644083157162,1,
687.000000000,-15.33533773776952,7.267053993547236,-0.007615219519590375,1,
687.100000000,-15.260339912442822,7.266482857603482,-0.01663130344749647,1,
687.200000000,-15.185350284713277,7.26523556734691,-0.02509538223695933,1,
687.300000000,-15.110373900156723,7.263353611229478,-0.033559461026422197,1,
687.400000000,-15.038747586543623,7.260948967948441,-0.04147153467744182,1,
687.500000000,-14.967142540371254,7.257977693177551,-0.049383608328461455,1,
687.600000000,-14.923862035683714,7.255838606510401,-0.06733286267518142,1,
687.700000000,-14.880626895722157,7.252923053341195,-0.08528211702190136,1,
687.800000000,-14.840772268371364,7.249515902224882,-0.10334280952204392,1,
687.900000000,-14.80098567307001,7.245389543742364,-0.12140350202218649,1,
688.000000000,-14.764588886205548,7.240949008821054,-0.13795913681398383,1,
688.100000000,-14.728270599723572,7.235906538051921,-0.15451477160578114,1,
688.200000000,-14.693687578381228,7.230520014605866,-0.17031787754340585,1,
688.300000000,-14.659193995556612,7.224587667353614,-0.1861209834810306,1,
688.400000000,-14.628074230207817,7.218727805374546,-0.2004190317103102,1,
688.500000000,-14.59704142751122,7.21242360561789,-0.21471707993958966,1,
688.600000000,-14.566101931524411,7.205676356855618,-0.22901512816886913,1,
688.700000000,-14.535262067230224,7.19848743843252,-0.24331317639814878,1,
688.800000000,-14.506145714400905,7.191259852534134,-0.25629533564894974,1,
688.900000000,-14.477125642156158,7.183654893171342,-0.26927749489975067,1,
689.000000000,-14.409844469472601,7.165086605138839,-0.29948109443287324,1,
689.100000000,-14.343154727200313,7.144494961353349,-0.3296846939659958,1,
689.200000000,-14.277117248926968,7.121898745266792,-0.3598882934991183,1,
689.300000000,-14.2117922732528,7.097318568878039,-0.3900918930322409,1,
689.400000000,-14.147239388841667,7.070776853930893,-0.42029549256536347,1,
689.500000000,-14.083517480064982,7.042297811461236,-0.450499092098486,1,
689.600000000,-14.018182515591413,7.010697199183584,-0.47792322641928736,1,
689.700000000,-13.953738629052292,6.977316939046519,-0.505347360740089,1,
689.800000000,-13.89023428457084,6.942182134207642,-0.5327714950608906,1,
689.900000000,-13.827717239700808,6.90531920730535,-0.5601956293816921,1,
690.000000000,-13.766234509511099,6.866755880588059,-0.5876197637024934,1,
690.100000000,-13.705832331228725,6.826521155066074,-0.615043898023295,1,
690.200000000,-13.646556129466758,6.784645288701787,-0.6424680323440964,1,
690.300000000,-13.58845048206338,6.741159773654599,-0.6698921666648979,1,
690.400000000,-13.531559086557744,6.696097312597679,-0.6973163009856994,1,
690.500000000,-13.475924727327856,6.649491794124383,-0.724740435306501,1,
690.600000000,-13.421589243415173,6.601378267262805,-0.7521645696273024,1,
690.700000000,-13.36859349706015,6.55179291511765,-0.7795887039481039,1,
690.800000000,-13.315253292016003,6.499068892833228,-0.7882251066404103,1,
690.900000000,-13.26237041644198,6.445886175048007,-0.7968615093327172,1,
691.000000000,-13.209948814712481,6.392248728500713,-0.8054979120250234,1,
691.100000000,-13.157992396796878,6.33816055384692,-0.81413431471733,1,
691.200000000,-13.106505037967883,6.283625685360654,-0.8227707174096363,1,
691.300000000,-13.055490578512504,6.228648190633489,-0.8314071201019428,1,
691.400000000,-13.004952823445608,6.173232170271157,-0.8400435227942493,1,
691.500000000,-12.954895542226119,6.117381757587695,-0.8486799254865559,1,
691.600000000,-12.905322468475863,6.061101118297156,-0.8573163281788618,1,
691.700000000,-12.85623729970109,6.004394450202899,-0.865952730871169,1,
691.800000000,-12.80764369701669,5.94726598288449,-0.8745891335634751,1,
691.900000000,-12.759545284873113,5.889719977382226,-0.8832255362557816,1,
692.000000000,-12.735216583006387,5.860096359947408,-0.8802086374976328,1,
692.100000000,-12.710798620536506,5.830546274443913,-0.8771917387394842,1,
692.200000000,-12.687357141482899,5.802351567418946,-0.874306009492559,1,
692.300000000,-12.663834397855153,5.77422462345648,-0.8714202802456342,1,
692.400000000,-12.642376386657023,5.7487164901156795,-0.8687968900211568,1,
692.500000000,-12.620851531586865,5.7232647372228085,-0.8661734997966797,1,
692.600000000,-12.592782515541112,5.690250980756738,-0.8627630925048593,1,
692.700000000,-12.564601072591321,5.657333142871399,-0.8593526852130389,1,
692.800000000,-12.538483956825884,5.627036340002205,-0.8562046169436662,1,
692.900000000,-12.512271594228766,5.59682190558623,-0.8530565486742936,1,
693.000000000,-12.484868105004029,5.565434648786363,-0.849777310893697,1,
693.100000000,-12.457361837025648,5.5341374231423455,-0.8464980731131007,1,
693.200000000,-12.431961786154979,5.505427113840426,-0.8434811743549517,1,
693.300000000,-12.406475234910678,5.47679356446009,-0.8404642755968026,1,
693.400000000,-12.377566830091515,5.444512270982456,-0.8370538683049821,1,
693.500000000,-12.348548501241998,5.412329754478008,-0.833643461013162,1,
693.600000000,-12.328383021369381,5.390118193940596,-0.831756020997715,1,
693.700000000,-12.308175654452535,5.3679447340777795,-0.8298685809822677,1,
693.800000000,-12.287926472478764,5.345809453880929,-0.8284538168975623,1,
693.900000000,-12.267645994580958,5.323702843642437,-0.827039052812857,1,
694.000000000,-12.248462690975503,5.302851497389527,-0.8257028867328574,1,
694.100000000,-12.229251543641107,5.282025801821937,-0.824366720652858,1,
694.200000000,-12.210012586876193,5.2612257941206035,-0.8230305545728582,1,
694.300000000,-12.19074585502883,5.240451511420603,-0.8216943884928589,1,
694.400000000,-12.169181444551715,5.217261988386434,-0.8202010264034478,1,
694.500000000,-12.14758242777862,5.194104694671206,-0.8187076643140366,1,
694.600000000,-12.125948852878157,5.170979681918694,-0.8177124992238015,1,
694.700000000,-12.104292275488532,5.1478762095921144,-0.8167173341335666,1,
694.800000000,-12.082612717057415,5.124794300572072,-0.8157221690433318,1,
694.900000000,-12.060910199055229,5.101733977717815,-0.8147270039530967,1,
695.000000000,-12.03118062757721,5.070207316659098,-0.8133651990927756,1,
695.100000000,-12.00140815051913,5.038721170696091,-0.8120033942324539,1,
695.200000000,-11.973886309819385,5.009694488410685,-0.8107463435921575,1,
695.300000000,-11.946328002864375,4.9807024253972765,-0.8094892929518608,1,
695.400000000,-11.915283931993166,4.948125352727324,-0.8080751109815272,1,
695.500000000,-11.884193822271175,4.915592214583662,-0.8066609290111934,1,
695.600000000,-11.851904547490822,4.881899774601722,-0.8051943699308476,1,
695.700000000,-11.819565895498194,4.848254724964703,-0.8037278108505013,1,
695.800000000,-11.78949136153647,4.817056965673963,-0.8023660059901798,1,
695.900000000,-11.75937437021444,4.785900190945398,-0.8010042011298586,1,
696.000000000,-11.731534930679047,4.757177976435455,-0.7997471504895618,1,
696.100000000,-11.703659407870632,4.728490780194667,-0.7984900998492651,1,
696.200000000,-11.671095918831893,4.695063292113721,-0.7970235407689193,1,
696.300000000,-11.638483441443247,4.661683596244034,-0.7955569816885729,1,
696.400000000,-11.604655567433316,4.627161341811866,-0.7940380454982144,1,
696.500000000,-11.570775295365191,4.592690509566315,-0.792519109307856,1,
696.600000000,-11.539182882162093,4.56064492597037,-0.791812192819099,1,
696.700000000,-11.5075678233033,4.5286216835774615,-0.7911052763303419,1,
696.800000000,-11.478273667085272,4.498991234330362,-0.7904507240259374,1,
696.900000000,-11.44896012246517,4.469379965986767,-0.7897961717215328,1,
697.000000000,-11.423147152457624,4.443338940203708,-0.7892201656936569,1,
697.100000000,-11.397319186945236,4.417312787166131,-0.788644159665781,1,
697.200000000,-11.366777515870384,4.386572193389607,-0.7879634252692,1,
697.300000000,-11.336214925694087,4.355852397500091,-0.7872826908726193,1,
697.400000000,-11.307984007126342,4.327514874022883,-0.7866543206603909,1,
697.500000000,-11.279735287677603,4.299195095607323,-0.7860259504481625,1,
697.600000000,-11.250291007286197,4.269713822511621,-0.7853713981437581,1,
697.700000000,-11.220827436168461,4.240251828551584,-0.7847168458393533,1,
697.800000000,-11.19134458694773,4.2108091263498695,-0.7840622935349487,1,
697.900000000,-11.161842472255598,4.181385728520872,-0.7834077412305441,1,
698.000000000,-11.135863668834755,4.155510137372732,-0.7834077412305441,1,
698.100000000,-11.109884865413912,4.129634546224593,-0.7834077412305441,1,
698.200000000,-11.086267771394965,4.106111281544466,-0.7834077412305441,1,
698.300000000,-11.062650677376018,4.08258801686434,-0.7834077412305441,1,
698.400000000,-11.040214438058017,4.060240915418219,-0.7834077412305441,1,
698.500000000,-11.017778198740016,4.037893813972098,-0.7834077412305441,1,
698.600000000,-10.987075976515385,4.007313569887933,-0.7834077412305441,1,
698.700000000,-10.956373754290754,3.9767333258037683,-0.7834077412305441,1,
698.800000000,-10.928033241468016,3.948505408187616,-0.7834077412305441,1,
698.900000000,-10.89969272864528,3.920277490571464,-0.7834077412305441,1,
699.000000000,-10.870171361121594,3.8908734097213054,-0.7834077412305441,1,
699.100000000,-10.840649993597909,3.861469328871147,-0.7834077412305441,1,
699.200000000,-10.809947771373277,3.830889084786982,-0.7834077412305441,1,
699.300000000,-10.779245549148646,3.800308840702817,-0.7834077412305441,1,
699.400000000,-10.748543326924015,3.769728596618652,-0.7834077412305441,1,
699.500000000,-10.717841104699383,3.739148352534487,-0.7834077412305441,1,
699.600000000,-10.689500591876646,3.710920434918335,-0.7834077412305441,1,
699.700000000,-10.661160079053909,3.6826925173021827,-0.7834077412305441,1,
699.800000000,-10.632819566231172,3.6544645996860305,-0.7834077412305441,1,
699.900000000,-10.604479053408435,3.6262366820698784,-0.7834077412305441,1,
700.000000000,-10.57968110468854,3.6015372541557453,-0.7834077412305441,1,
700.100000000,-10.554883155968644,3.5768378262416123,-0.7834077412305441,1,
700.200000000,-10.532446916650644,3.554490724795492,-0.7834077412305441,1,
700.300000000,-10.510010677332643,3.5321436233493717,-0.7834077412305441,1,
700.400000000,-10.48875529271559,3.510972685137258,-0.7834077412305441,1,
700.500000000,-10.467499908098537,3.489801746925144,-0.7834077412305441,1,
700.600000000,-10.442701959378642,3.465102319011011,-0.7834077412305441,1,
700.700000000,-10.417904010658747,3.440402891096878,-0.7834077412305441,1,
700.800000000,-10.38484007903222,3.4074703205447006,-0.7834077412305441,1,
700.900000000,-10.351776147405692,3.3745377499925233,-0.7834077412305441,1,
701.000000000,-10.32107392518106,3.3439575059083584,-0.7834077412305441,1,
701.100000000,-10.29037170295643,3.3133772618241935,-0.7834077412305441,1,
701.200000000,-10.26321204483464,3.2863255074420477,-0.7834077412305441,1,
701.300000000,-10.236052386712851,3.259273753059902,-0.7834077412305441,1,
701.400000000,-10.204169309787272,3.2275173457417305,-0.7834077412305441,1,
701.500000000,-10.172286232861692,3.1957609384235592,-0.7834077412305441,1,
701.600000000,-10.141584010637061,3.1651806943393943,-0.7834077412305441,1,
701.700000000,-10.11088178841243,3.1346004502552294,-0.7834077412305441,1,
701.800000000,-10.080179566187798,3.1040202061710644,-0.7834077412305441,1,
701.900000000,-10.049477343963167,3.0734399620868995,-0.7834077412305441,1,
702.000000000,-10.022317685841378,3.0463882077047537,-0.7834077412305441,1,
702.100000000,-9.995158027719588,3.019336453322608,-0.7834077412305441,1,
702.200000000,-9.970360078999693,2.994637025408475,-0.7834077412305441,1,
702.300000000,-9.945562130279798,2.969937597494342,-0.7834077412305441,1,
702.400000000,-9.920764181559903,2.945238169580209,-0.7834077412305441,1,
702.500000000,-9.895966232840008,2.9205387416660757,-0.7834077412305441,1,
702.600000000,-9.871168284120113,2.8958393137519427,-0.7834077412305441,1,
702.700000000,-9.846370335400218,2.8711398858378097,-0.7834077412305441,1,
702.800000000,-9.821572386680323,2.8464404579236766,-0.7834077412305441,1,
702.900000000,-9.796774437960428,2.8217410300095436,-0.7834077412305441,1,
703.000000000,-9.775519053343375,2.8005700917974297,-0.7834077412305441,1,
703.100000000,-9.754263668726322,2.7793991535853158,-0.7834077412305441,1,
703.200000000,-9.729465720006427,2.7546997256711827,-0.7834077412305441,1,
703.300000000,-9.704667771286532,2.7300002977570497,-0.7834077412305441,1,
703.400000000,-9.68341238666948,2.7088293595449358,-0.7834077412305441,1,
703.500000000,-9.662157002052426,2.687658421332822,-0.7834077412305441,1,
703.600000000,-9.642082472136321,2.6676636463547143,-0.7834077412305441,1,
703.700000000,-9.622007942220216,2.647668871376607,-0.7834077412305441,1,
703.800000000,-9.603114267005058,2.628850259632505,-0.7834077412305441,1,
703.900000000,-9.584220591789899,2.6100316478884036,-0.7834077412305441,1,
704.000000000,-9.56532691657474,2.591213036144302,-0.7834077412305441,1,
704.100000000,-9.546433241359582,2.5723944244002004,-0.7834077412305441,1,
704.200000000,-9.52872042084537,2.554751975890105,-0.7834077412305441,1,
704.300000000,-9.51100760033116,2.53710952738001,-0.7834077412305441,1,
704.400000000,-9.49329477981695,2.5194670788699147,-0.7834077412305441,1,
704.500000000,-9.475581959302739,2.5018246303598195,-0.7834077412305441,1,
704.600000000,-9.422443497760106,2.4488972848295343,-0.7834077412305442,1,
704.700000000,-9.369305036217474,2.395969939299249,-0.7834077412305444,1,
704.800000000,-9.316166574674842,2.343042593768964,-0.7834077412305445,1,
704.900000000,-9.26302811313221,2.2901152482386786,-0.7834077412305447,1,
705.000000000,-9.209889651589577,2.2371879027083934,-0.7834077412305446,1,
705.100000000,-9.156751190046945,2.184260557178108,-0.7834077412305446,1,
705.200000000,-9.105974437906207,2.1336855381158357,-0.7834077412305447,1,
705.300000000,-9.055197685765469,2.0831105190535633,-0.7834077412305449,1,
705.400000000,-9.007963497727573,2.03606398969331,-0.7834077412305454,1,
705.500000000,-8.960729309689677,1.9890174603330564,-0.7834077412305455,1,
705.600000000,-8.917037685754623,1.9454994206748217,-0.7834077412305454,1,
705.700000000,-8.87334606181957,1.901981381016587,-0.7834077412305455,1,
705.800000000,-8.820207600276937,1.8490540354863019,-0.7697348676445254,1,
705.900000000,-8.766350459350575,1.7968581700251574,-0.7560619940585053,1,
706.000000000,-8.711784707339977,1.7454035423662386,-0.7423891204724852,1,
706.100000000,-8.656520545015626,1.6946997716722565,-0.7287162468864653,1,
706.200000000,-8.600568303712015,1.644756336737297,-0.7150433733004449,1,
706.300000000,-8.543938443396256,1.5955825742148126,-0.7013704997144249,1,
706.400000000,-8.48664155071265,1.5471876768721855,-0.687697626128405,1,
706.500000000,-8.428688337003571,1.4995806918721897,-0.6740247525423847,1,
706.600000000,-8.37271725506798,1.4548695295847278,-0.6456616846803284,1,
706.700000000,-8.315500709265248,1.411763649097953,-0.6172986168182719,1,
706.800000000,-8.258585577641872,1.3713630883292383,-0.5870950172851496,1,
706.900000000,-8.200476347833053,1.3326997345021514,-0.5568914177520269,1,
707.000000000,-8.14122602638531,1.2958088558670213,-0.5266878182189044,1,
707.100000000,-8.080888660735353,1.260724103843442,-0.49648421868578196,1,
707.200000000,-8.019519289908647,1.2274774823238497,-0.46628061915265956,1,
707.300000000,-7.957173894313477,1.1960993184799527,-0.4360770196195372,1,
707.400000000,-7.89390934467628,1.1666182350986478,-0.4058734200864146,1,
707.500000000,-7.8297833501648535,1.1390611244726552,-0.3756698205532921,1,
707.600000000,-7.764854405746734,1.1134531238696894,-0.34546622102016966,1,
707.700000000,-7.69918173883079,1.089817592602544,-0.3152626214870473,1,
707.800000000,-7.631075434206773,1.0676054041332153,-0.28689955362499076,1,
707.900000000,-7.5623666009255865,1.0473335942664441,-0.25853648576293425,1,
708.000000000,-7.493110509038501,1.0290184698425184,-0.23017341790087784,1,
708.100000000,-7.423362868816911,1.0126747637249955,-0.20181035003882136,1,
708.200000000,-7.353179785938455,0.9983156229494444,-0.1734472821767649,1,
708.300000000,-7.282617716355063,0.9859525981478429,-0.1450842143147084,1,
708.400000000,-7.211733420879246,0.9755956342571372,-0.11672114645265193,1,
708.500000000,-7.140583919525142,0.9672530625194385,-0.08835807859059545,1,
708.600000000,-7.065876497227936,0.9606348260695146,-0.07120193972736044,1,
708.700000000,-6.991066531280973,0.9552991916166894,-0.05404580086412541,1,
708.800000000,-6.92948990527565,0.9519679894945721,-0.04228225507441278,1,
708.900000000,-6.8678783538941115,0.9493613606107928,-0.030518709284700133,1,
709.000000000,-6.7929132783689035,0.9470728127087686,-0.014498674211669815,1,
709.100000000,-6.717921161164085,0.9459854502398535,0.0015213608613604964,1,
709.200000000,-6.6429212479592765,0.94609955226044,0.017541395934390813,1,
709.300000000,-6.56793278643483,0.9474150894878379,0.03356143100742112,1,
709.400000000,-6.492975021332187,0.9499317243077894,0.049581466080451435,1,
709.500000000,-6.4180671895149795,0.9536488108611124,0.06560150115348175,1,
709.600000000,-6.343228515032158,0.9585653952094522,0.08162153622651205,1,
709.700000000,-6.268478204184412,0.9646802155800954,0.09764157129954236,1,
709.800000000,-6.205446537153466,0.9708543602505019,0.09764157129954229,1,
709.900000000,-6.14241487012252,0.9770285049209083,0.09764157129954222,1,
710.000000000,-6.100946668128477,0.9810904422040704,0.09764157129954217,1,
710.100000000,-6.0594784661344345,0.9851523794872324,0.09764157129954211,1,
710.200000000,-5.98815315870468,0.9921389116142713,0.09764157129954203,1,
710.300000000,-5.916827851274926,0.9991254437413101,0.09764157129954194,1,
710.400000000,-5.850478728084457,1.0056245433943694,0.09764157129954186,1,
710.500000000,-5.784129604893987,1.0121236430474287,0.09764157129954178,1,
710.600000000,-5.721097937863042,1.0182977877178352,0.09764157129954171,1,
710.700000000,-5.658066270832096,1.0244719323882416,0.09764157129954164,1,
710.800000000,-5.611621884598768,1.0290213021453831,0.09617501221919544,1,
710.900000000,-5.565170876394484,1.033502553598198,0.09470845313884921,1,
711.000000000,-5.522031741145037,1.037600454000559,0.09334664827852775,1,
711.100000000,-5.478887065357656,1.0416396035372217,0.09198484341820623,1,
711.200000000,-5.439056170299512,1.0453138107805873,0.09072779277790947,1,
711.300000000,-5.399220688047932,1.0489379456820556,0.08947074213761272,1,
711.400000000,-5.3610406818207395,1.0523630834801552,0.08826606860732834,1,
711.500000000,-5.322856577125842,1.0557422243611465,0.08706139507704391,1,
711.600000000,-5.287989137877328,1.0587855252419656,0.08596147576678431,1,
711.700000000,-5.253118372335787,1.0617904729198622,0.08486155645652461,1,
711.800000000,-5.219904991719467,1.06461579752893,0.08171062875417036,1,
711.900000000,-5.186682873601121,1.067336455324709,0.07855970105181609,1,
712.000000000,-5.155113874110136,1.0698216210970475,0.07556631973457958,1,
712.100000000,-5.123537577015716,1.0722122778232814,0.07257293841734305,1,
712.200000000,-5.078656028719546,1.0754751940861678,0.06831918601916484,1,
712.300000000,-5.0337610068793,1.0785471664108768,0.06406543362098661,1,
712.400000000,-4.992179818882411,1.081214733819294,0.0601267739930438,1,
712.500000000,-4.950588446797522,1.0837185068136919,0.056188114365101,1,
712.600000000,-4.912315608709615,1.085871251373847,0.05377638545647411,1,
712.700000000,-4.874037690096161,1.0879316860528025,0.05136465654784725,1,
712.800000000,-4.837419382141522,1.0898142287438561,0.049057785417856284,1,
712.900000000,-4.800796828842296,1.0916122927832648,0.046750914287865375,1,
713.000000000,-4.767499916341091,1.0931700889824398,0.044653758715146326,1,
713.100000000,-4.734199810122207,1.0946580530015533,0.04255660314242732,1,
713.200000000,-4.702561814315541,1.0960052720317055,0.04056430534834423,1,
713.300000000,-4.670921197238695,1.0972894561205775,0.03857200755426114,1,
713.400000000,-4.642608938455637,1.0983820586919388,0.036789425317449956,1,
713.500000000,-4.614294777002172,1.0994241906245115,0.03500684308063878,1,
713.600000000,-4.580981866234133,1.1005908470742847,0.03343488298652162,1,
713.700000000,-4.547667162688534,1.1017051355378407,0.03186292289240445,1,
713.800000000,-4.516016569387972,1.1027139573755145,0.03036956080299314,1,
713.900000000,-4.48436450484415,1.103675512309712,0.02887619871358183,1,
714.000000000,-4.452711039645283,1.1045897981960409,0.027382836624170515,1,
714.100000000,-4.421056244382713,1.105456812995525,0.025889474534759205,1,
714.200000000,-4.387734081506957,1.1063196990787707,0.024317514440642046,1,
714.300000000,-4.354410603379769,1.1071302030071781,0.02274555434652487,1,
714.400000000,-4.3210858923453985,1.107888322777945,0.02117359425240771,1,
714.500000000,-4.28776003075114,1.1085940565177133,0.019601634158290544,1,
714.600000000,-4.2560994474373315,1.109214735184331,0.018108272068879227,1,
714.700000000,-4.2244379725294845,1.1097881324615757,0.016614909979467917,1,
714.800000000,-4.19110924001087,1.1103419373132828,0.015567367779220626,1,
714.900000000,-4.15777994564496,1.1108608286137238,0.014519825578973328,1,
715.000000000,-4.124450126005476,1.111344805793496,0.013472283378726028,1,
715.100000000,-4.091119817666712,1.11179386832151,0.012424741178478728,1,
715.200000000,-4.059455595226662,1.1121873083358154,0.011429576088243793,1,
715.300000000,-4.027790996928297,1.1125492370317178,0.01043441099800886,1,
715.400000000,-3.9944594781940475,1.1128970444202044,0.009386868797761565,1,
715.500000000,-3.961127613405028,1.1132099354517722,0.008339326597514265,1,
715.600000000,-3.9294620478511413,1.1134740110665067,0.007344161507279332,1,
715.700000000,-3.8977962351785167,1.1137065740902767,0.006348996417044398,1,
715.800000000,-3.864463573672185,1.1139182058823671,0.005301454216797101,1,
715.900000000,-3.831130708761368,1.1140949201951527,0.004253912016549801,1,
716.000000000,-3.7977976770237043,1.114236716834717,0.0037302701730260457,1,
716.100000000,-3.7644645756053614,1.1143610588854491,0.003206628329502288,1,
716.200000000,-3.732798071744255,1.1144626019418644,0.002709168578154718,1,
716.300000000,-3.7011315212877616,1.1145483921752284,0.002211708826807149,1,
716.400000000,-3.667798269481994,1.1146221157426834,0.001688066983283392,1,
716.500000000,-3.634464983641485,1.1146783846154025,0.0011644251397596357,1,
716.600000000,-3.6011316729062477,1.1147171987779565,0.0006407832962358785,1,
716.700000000,-3.5677983464163012,1.1147385582197027,0.00011714145271212135,1,
716.800000000,-3.5361316799669016,1.1147422676990302,0.00011714145271208391,1,
716.900000000,-3.504465013517502,1.1147459771783577,0.00011714145271204646,1,
717.000000000,-3.4711316804128707,1.1147498818934392,0.00011714145271200704,1,
717.100000000,-3.4377983473082394,1.1147537866085206,0.00011714145271196761,1,
717.200000000,-3.4061316808588398,1.1147574960878481,0.00011714145271193017,1,
717.300000000,-3.37446501440944,1.1147612055671756,0.00011714145271189272,1,
717.400000000,-3.341131681304809,1.114765110282257,0.0001171414527118533,1,
717.500000000,-3.3077983482001776,1.1147690149973386,0.00011714145271181387,1,
717.600000000,-3.2744650150955463,1.11477291971242,0.00011714145271177445,1,
717.700000000,-3.241131681990915,1.1147768244275016,0.00011714145271173502,1,
717.800000000,-3.2094650155415154,1.114780533906829,-0.0023750792605416985,1,
717.900000000,-3.177798438190664,1.1147053231342894,-0.0048672999737951325,1,
718.000000000,-3.144465499700035,1.114543080442436,-0.006964455546514163,1,
718.100000000,-3.1111329747574517,1.1143109338008892,-0.009061611119233193,1,
718.200000000,-3.07946760820116,1.1140239867091557,-0.011053908913316274,1,
718.300000000,-3.0478028761724127,1.1136739533887001,-0.013046206707399356,1,
718.400000000,-3.0194719540212636,1.113304321350977,-0.015276088398205058,1,
718.500000000,-2.9911419265410624,1.1128715156799938,-0.017505970089010763,1,
718.600000000,-2.9644793458898944,1.1124047136544188,-0.019604682268592598,1,
718.700000000,-2.937817803639988,1.1118819556152062,-0.02170339444817443,1,
718.800000000,-2.9128236913755026,1.111339413349286,-0.021310663065531678,1,
718.900000000,-2.8878293679651685,1.1108066870972213,-0.020917931682888927,1,
719.000000000,-2.8595022331705775,1.11021405558704,-0.020472836115893792,1,
719.100000000,-2.8311748374042827,1.109634032417268,-0.020027740548898665,1,
719.200000000,-2.8045135186974055,1.1090999950389584,-0.01960882707407972,1,
719.300000000,-2.7778519786144584,1.1085771264928437,-0.01918991359926078,1,
719.400000000,-2.749523862035471,1.108033445644296,-0.01874481803226566,1,
719.500000000,-2.7211955062725983,1.107502373568297,-0.018299722465270528,1,
719.600000000,-2.696199692153811,1.1070449060404384,-0.01790699108262777,1,
719.700000000,-2.6712037003008255,1.106597255188246,-0.017514259699985008,1,
719.800000000,-2.644541123520181,1.1061302321402657,-0.017095346225166067,1,
719.900000000,-2.617878353436782,1.1056743784456242,-0.016676432750347133,1,
720.000000000,-2.5928818296488347,1.1052574869506502,-0.01628370136770437,1,
720.100000000,-2.5678851440622243,1.1048504124069225,-0.015890969985061617,1,
720.200000000,-2.5428883005323883,1.1044531548772276,-0.015498238602418855,1,
720.300000000,-2.5178913029147885,1.1040657144228376,-0.0151055072197761,1,
720.400000000,-2.4928941550649095,1.1036880911035105,-0.014712775837133337,1,
720.500000000,-2.4678968608382603,1.1033202849774901,-0.014320044454490581,1,
720.600000000,-2.4428994240903723,1.1029622961015062,-0.013927313071847823,1,
720.700000000,-2.417901848676798,1.1026141245307741,-0.013534581689205067,1,
720.800000000,-2.392904138453112,1.1022757703189954,-0.013141850306562309,1,
720.900000000,-2.3679062972749096,1.1019472335183567,-0.012749118923919554,1,
721.000000000,-2.341241797779333,1.1016072662236094,-0.012330205449100603,1,
721.100000000,-2.314577158206536,1.1012784690765036,-0.011911291974281663,1,
721.200000000,-2.289578931671524,1.1009806938185995,-0.011518560591638907,1,
721.300000000,-2.2645805901186637,1.100692736171478,-0.011125829208996149,1,
721.400000000,-2.2379155738893135,1.1003960535134245,-0.010706915734177208,1,
721.500000000,-2.2112504357153053,1.1001105412156813,-0.010288002259358262,1,
721.600000000,-2.1845851802760645,1.0998361993283525,-0.00986908878453932,1,
721.700000000,-2.1579198122510364,1.099573027899582,-0.009450175309720376,1,
721.800000000,-2.1312543363196865,1.0993210269755531,-0.009031261834901433,1,
721.900000000,-2.104588757161499,1.0990801966004893,-0.008612348360082489,1,
722.000000000,-2.0795896843125714,1.098864890553143,-0.00821961697743973,1,
722.100000000,-2.0545905288341073,1.0986594024425935,-0.007826885594796976,1,
722.200000000,-2.0295912945819246,1.0984637323005346,-0.007434154212154215,1,
722.300000000,-2.0045919854118535,1.098277880157146,-0.007041422829511457,1,
722.400000000,-1.979592605179736,1.0981018460410932,-0.006648691446868701,1,
722.500000000,-1.9545931577414248,1.0979356299795273,-0.006255960064225943,1,
722.600000000,-1.9295936469527835,1.0977792319980852,-0.006255960064225972,1,
722.700000000,-1.904594136164142,1.0976228340166432,-0.006255960064226002,1,
722.800000000,-1.8779279913229245,1.097456009503105,-0.006255960064226033,1,
722.900000000,-1.851261846481707,1.0972891849895667,-0.006255960064226064,1,
723.000000000,-1.8262623356930656,1.0971327870081247,-0.006255960064226094,1,
723.100000000,-1.8012628249044242,1.0969763890266826,-0.006255960064226123,1,
723.200000000,-1.7762633141157829,1.0968199910452405,-0.006255960064226153,1,
723.300000000,-1.7512638033271415,1.0966635930637985,-0.006255960064226182,1,
723.400000000,-1.7262642925385001,1.0965071950823564,-0.006255960064226212,1,
723.500000000,-1.7012647817498587,1.0963507971009143,-0.006255960064226241,1,
723.600000000,-1.6762652709612174,1.0961943991194723,-0.006255960064226271,1,
723.700000000,-1.651265760172576,1.0960380011380302,-0.0062559600642263,1,
723.800000000,-1.6245996153313584,1.095871176624492,-0.006255960064226331,1,
723.900000000,-1.597933470490141,1.0957043521109537,-0.006255960064226363,1,
724.000000000,-1.5712673256489234,1.0955375275974155,-0.006255960064226394,1,
724.100000000,-1.5446011808077058,1.0953707030838773,-0.006255960064226425,1,
724.200000000,-1.5179350359664883,1.095203878570339,-0.006255960064226456,1,
724.300000000,-1.4912688911252707,1.0950370540568009,-0.0062559600642264875,1,
724.400000000,-1.4662693803366293,1.0948806560753588,-0.006255960064226517,1,
724.500000000,-1.441269869547988,1.0947242580939167,-0.0062559600642265465,1,
724.600000000,-1.4146037247067704,1.0945574335803785,-0.006255960064226578,1,
724.700000000,-1.3879375798655529,1.0943906090668403,-0.006255960064226609,1,
724.800000000,-1.3629380690769115,1.0942342110853982,-0.006255960064226638,1,
724.900000000,-1.3379385582882701,1.0940778131039561,-0.006255960064226668,1,
725.000000000,-1.3129390474996288,1.093921415122514,-0.006255960064226697,1,
725.100000000,-1.2879395367109874,1.093765017141072,-0.006255960064226727,1,
725.200000000,-1.262940025922346,1.09360861915963,-0.006255960064226756,1,
725.300000000,-1.2379405151337046,1.0934522211781879,-0.006255960064226786,1,
725.400000000,-1.2129410043450632,1.0932958231967458,-0.006255960064226815,1,
725.500000000,-1.1879414935564219,1.0931394252153037,-0.006255960064226845,1,
725.600000000,-1.1629419827677805,1.0929830272338616,-0.006255960064226874,1,
725.700000000,-1.1379424719791391,1.0928266292524196,-0.006255960064226904,1,
725.800000000,-1.1112763271379216,1.0926598047388814,-0.006255960064226935,1,
725.900000000,-1.084610182296704,1.0924929802253431,-0.006255960064226966,1,
726.000000000,-1.0596106715080627,1.092336582243901,-0.006255960064226996,1,
726.100000000,-1.0346111607194213,1.092180184262459,-0.006255960064227025,1,
726.200000000,-1.00961164993078,1.092023786281017,-0.006255960064227055,1,
726.300000000,-0.9846121391421384,1.0918673882995749,-0.006255960064227084,1,
726.400000000,-0.9579459943009209,1.0917005637860366,-0.0062559600642271155,1,
726.500000000,-0.9312798494597033,1.0915337392724984,-0.006255960064227147,1,
726.600000000,-0.9046137046184858,1.0913669147589602,-0.006255960064227178,1,
726.700000000,-0.8779475597772682,1.091200090245422,-0.006255960064227209,1,
726.800000000,-0.8512814149360507,1.0910332657318838,-0.00625596006422724,1,
726.900000000,-0.8246152700948332,1.0908664412183455,-0.006255960064227272,1,
727.000000000,-0.7979491252536156,1.0906996167048073,-0.006255960064227303,1,
727.100000000,-0.7712829804123981,1.090532792191269,-0.006255960064227334,1,
727.200000000,-0.7462834696237566,1.090376394209827,-0.0062559600642273635,1,
727.300000000,-0.7212839588351151,1.090219996228385,-0.006255960064227393,1,
727.400000000,-0.6962844480464736,1.0900635982469429,-0.0062559600642274225,1,
727.500000000,-0.6712849372578321,1.0899072002655008,-0.006255960064227452,1,
727.600000000,-0.6446187924166146,1.0897403757519626,-0.006255960064227483,1,
727.700000000,-0.617952647575397,1.0895735512384244,-0.0062559600642275144,1,
727.800000000,-0.5929531367867555,1.0894171532569823,-0.006255960064227544,1,
727.900000000,-0.567953625998114,1.0892607552755402,-0.006255960064227573,1,
728.000000000,-0.5429541152094726,1.0891043572940982,-0.006255960064227603,1,
728.100000000,-0.5179546044208311,1.088947959312656,-0.006255960064227632,1,
728.200000000,-0.49128845957961353,1.0887811347991179,-0.006255960064227664,1,
728.300000000,-0.464622314738396,1.0886143102855796,-0.006255960064227695,1,
728.400000000,-0.43795616989717845,1.0884474857720414,-0.006255960064227726,1,
728.500000000,-0.4112900250559609,1.0882806612585032,-0.006255960064227757,1,
728.600000000,-0.3862905142673194,1.0881242632770611,-0.006255960064227787,1,
728.700000000,-0.36129100347867793,1.087967865295619,-0.006255960064227816,1,
728.800000000,-0.3046254456910906,1.0876133632043503,-0.006255960064227883,1,
728.900000000,-0.24795988790350332,1.0872588611130816,-0.00625596006422795,1,
729.000000000,-0.1929609641684921,1.086914785553909,-0.006255960064228015,1,
729.100000000,-0.13796204043348087,1.0865707099947364,-0.00625596006422808,1,
729.200000000,-0.08462975075104574,1.08623706096766,-0.006255960064228143,1,
729.300000000,-0.031297461068610616,1.0859034119405835,-0.006255960064228207,1,
729.400000000,0.0237014626664006,1.0855593363814109,-0.006255960064228272,1,
729.500000000,0.07870038640141182,1.0852152608222383,-0.006255960064228337,1,
729.600000000,0.13036604203127083,1.0848920383272578,-0.006255960064228397,1,
729.700000000,0.18203169766112987,1.0845688158322773,-0.006255960064228458,1,
729.800000000,0.2286974511332606,1.0842768729335852,-0.006255960064228514,1,
729.900000000,0.2753632046053913,1.0839849300348932,-0.006255960064228569,1,
730.000000000,0.31869568997236986,1.0837138402003934,-0.00625596006422862,1,
730.100000000,0.3620281753393484,1.0834427503658937,-0.0062559600642286715,1,
730.200000000,0.4036940266537508,1.08318208706349,-0.006255960064228721,1,
730.300000000,0.44535987796815324,1.0829214237610865,-0.00625596006422877,1,
730.400000000,0.4836924611774035,1.0826816135228752,-0.0062559600642288155,1,
730.500000000,0.5220250443866538,1.0824418032846639,-0.006255960064228861,1,
730.600000000,0.5570243594907518,1.082222846110645,-0.006255960064228902,1,
730.700000000,0.5920236745948498,1.082003888936626,-0.006255960064228944,1,
730.800000000,0.6253563556463718,1.081795358294703,-0.006255960064228983,1,
730.900000000,0.6586890366978938,1.0815868276527802,-0.006255960064229022,1,
731.000000000,0.6886884496442636,1.0813991500750497,-0.0062559600642290575,1,
731.100000000,0.7186878625906333,1.0812114724973192,-0.006255960064229093,1,
731.200000000,0.747020641484427,1.0810342214516848,-0.006255960064229127,1,
731.300000000,0.7753534203782207,1.0808569704060504,-0.006255960064229161,1,
731.400000000,0.8020195652194383,1.0806901458925122,-0.006255960064229192,1,
731.500000000,0.8286857100606558,1.080523321378974,-0.006255960064229223,1,
731.600000000,0.8536852208492973,1.080366923397532,-0.006255960064229253,1,
731.700000000,0.8786847316379388,1.0802105254160899,-0.006255960064229282,1,
731.800000000,0.9053508764791564,1.0800437009025516,-0.006255960064229313,1,
731.900000000,0.9320170213203739,1.0798768763890134,-0.006255960064229345,1,
732.000000000,0.9586831661615914,1.0797100518754752,-0.006255960064229376,1,
732.100000000,0.985349311002809,1.079543227361937,-0.006255960064229407,1,
732.200000000,1.0120154558440266,1.0793764028483988,-0.006255960064229438,1,
732.300000000,1.0386816006852442,1.0792095783348605,-0.0062559600642294695,1,
732.400000000,1.0636811114738856,1.0790531803534185,-0.006255960064229499,1,
732.500000000,1.088680622262527,1.0788967823719764,-0.0062559600642295285,1,
732.600000000,1.1136801330511683,1.0787403843905343,-0.006255960064229558,1,
732.700000000,1.1386796438398097,1.0785839864090923,-0.0062559600642295874,1,
732.800000000,1.163679154628451,1.0784275884276502,-0.006255960064229617,1,
732.900000000,1.1886786654170924,1.0782711904462081,-0.006255960064229646,1,
733.000000000,1.21534481025831,1.07810436593267,-0.006255960064229678,1,
733.100000000,1.2420109550995275,1.0779375414191317,-0.006255960064229709,1,
733.200000000,1.268677099940745,1.0777707169055935,-0.00625596006422974,1,
733.300000000,1.2953432447819626,1.0776038923920552,-0.006255960064229771,1,
733.400000000,1.320342755570604,1.0774474944106132,-0.006255960064229801,1,
733.500000000,1.3453422663592454,1.077291096429171,-0.00625596006422983,1,
733.600000000,1.372008411200463,1.0771242719156329,-0.0062559600642298615,1,
733.700000000,1.3986745560416805,1.0769574474020946,-0.006255960064229893,1,
733.800000000,1.4236740668303218,1.0768010494206526,-0.006255960064229922,1,
733.900000000,1.4486735776189632,1.0766446514392105,-0.006255960064229952,1,
734.000000000,1.4753397224601807,1.0764778269256723,-0.006255960064229983,1,
734.100000000,1.5020058673013983,1.076311002412134,-0.006255960064230014,1,
734.200000000,1.5286720121426158,1.0761441778985958,-0.006255960064230045,1,
734.300000000,1.5553381569838334,1.0759773533850576,-0.006255960064230077,1,
734.400000000,1.582004301825051,1.0758105288715194,-0.006255960064230108,1,
734.500000000,1.6086704466662685,1.0756437043579812,-0.006255960064230139,1,
734.600000000,1.6336699574549098,1.0754873063765389,-0.006255960064230169,1,
734.700000000,1.6586694682435512,1.0753309083950966,-0.006255960064230198,1,
734.800000000,1.6853356130847688,1.0751640838815584,-0.006255960064230229,1,
734.900000000,1.7120017579259863,1.0749972593680202,-0.0062559600642302605,1,
735.000000000,1.7386679027672038,1.074830434854482,-0.006255960064230292,1,
735.100000000,1.7653340476084214,1.0746636103409437,-0.006255960064230323,1,
735.200000000,1.792000192449639,1.0744967858274055,-0.006255960064230354,1,
735.300000000,1.8186663372908565,1.074329961313867,-0.006255960064230385,1,
735.400000000,1.8436658480794978,1.0741735633324248,-0.006255960064230415,1,
735.500000000,1.8686653588681392,1.0740171653509825,-0.006255960064230444,1,
735.600000000,1.8953315037093568,1.073850340837444,-0.006255960064230476,1,
735.700000000,1.9219976485505743,1.0736835163239056,-0.006255960064230507,1,
735.800000000,1.9486637933917919,1.0735166918103671,-0.006255960064230538,1,
735.900000000,1.9753299382330094,1.0733498672968287,-0.006255960064230569,1,
736.000000000,2.001996083074227,1.0731830427832902,-0.0062559600642306005,1,
736.100000000,2.028662227915445,1.0730162182697518,-0.006255960064230632,1,
736.200000000,2.0553283727566627,1.0728493937562134,-0.006255960064230663,1,
736.300000000,2.0819945175978805,1.072682569242675,-0.006255960064230694,1,
736.400000000,2.108660662439098,1.0725157447291365,-0.006255960064230725,1,
736.500000000,2.135326807280316,1.072348920215598,-0.006255960064230757,1,
736.600000000,2.1603263180689574,1.0721925222341557,-0.006255960064230786,1,
736.700000000,2.1853258288575987,1.0720361242527134,-0.006255960064230816,1,
736.800000000,2.21032533964624,1.0718797262712711,-0.006255960064230845,1,
736.900000000,2.2353248504348815,1.0717233282898289,-0.006255960064230875,1,
737.000000000,2.260324361223523,1.0715669303083866,-0.006255960064230904,1,
737.100000000,2.2853238720121642,1.0714105323269443,-0.006255960064230934,1,
737.200000000,2.3103233828008056,1.071254134345502,-0.006255960064230963,1,
737.300000000,2.335322893589447,1.0710977363640597,-0.006255960064230993,1,
737.400000000,2.368655574640969,1.0708892057221369,-0.006255960064231032,1,
737.500000000,2.401988255692491,1.070680675080214,-0.006255960064231071,1,
737.600000000,2.4586538134800784,1.070326172988945,-0.006255960064231137,1,
737.700000000,2.515319371267666,1.069971670897676,-0.006255960064231204,1,
737.800000000,2.570318295002677,1.0696275953385033,-0.006255960064231269,1,
737.900000000,2.625317218737688,1.0692835197793304,-0.006255960064231334,1,
738.000000000,2.680316142472699,1.0689394442201576,-0.006255960064231399,1,
738.100000000,2.73531506620771,1.0685953686609848,-0.006255960064231464,1,
738.200000000,2.790313989942721,1.068251293101812,-0.0062559600642315295,1,
738.300000000,2.845312913677732,1.0679072175426392,-0.0062559600642315945,1,
738.400000000,2.898645203360167,1.0675735685155625,-0.006255960064231658,1,
738.500000000,2.951977493042602,1.0672399194884858,-0.006255960064231721,1,
738.600000000,3.0269760254085267,1.0667707255441592,-0.006255960064231839,1,
738.700000000,3.1019745577744513,1.0663015315998325,-0.006255960064231957,1,
738.800000000,3.176973090140376,1.065832337655506,-0.006255960064232075,1,
738.900000000,3.2519716225063005,1.0653631437111792,-0.006255960064232193,1,
739.000000000,3.326970154872225,1.0648939497668526,-0.006255960064232311,1,
739.100000000,3.4019686872381496,1.064424755822526,-0.006255960064232429,1,
739.200000000,3.476967219604074,1.0639555618781993,-0.006255960064232547,1,
739.300000000,3.5519657519699988,1.0634863679338726,-0.006255960064232665,1,
739.400000000,3.6269642843359233,1.063017173989546,-0.006255960064232783,1,
739.500000000,3.701962816701848,1.0625479800452193,-0.006255960064232901,1,
739.600000000,3.7769613490677725,1.0620787861008927,-0.006255960064233019,1,
739.700000000,3.851959881433697,1.061609592156566,-0.006255960064233137,1,
739.800000000,3.9269584137996216,1.0611403982122392,-0.006255960064233255,1,
739.900000000,4.001956946165546,1.0606712042679123,-0.006255960064233373,1,
740.000000000,4.07695547853147,1.0602020103235854,-0.006255960064233491,1,
740.100000000,4.151954010897395,1.0597328163792585,-0.0062559600642336085,1,
740.200000000,4.2269525432633195,1.0592636224349317,-0.0062559600642337265,1,
740.300000000,4.301951075629244,1.0587944284906048,-0.0062559600642338445,1,
740.400000000,4.376949607995169,1.058325234546278,-0.006255960064233962,1,
740.500000000,4.451948140361093,1.057856040601951,-0.00625596006423408,1,
740.600000000,4.526946672727018,1.0573868466576242,-0.006255960064234198,1,
740.700000000,4.601945205092942,1.0569176527132973,-0.006255960064234316,1,
740.800000000,4.676943737458867,1.0564484587689704,-0.006255960064234434,1,
740.900000000,4.7519422698247915,1.0559792648246435,-0.006255960064234552,1,
741.000000000,4.826940802190716,1.0555100708803167,-0.00625596006423467,1,
741.100000000,4.901939334556641,1.0550408769359898,-0.006255960064234788,1,
741.200000000,4.976937866922565,1.054571682991663,-0.006255960064234906,1,
741.300000000,5.05193639928849,1.054102489047336,-0.006255960064235024,1,
741.400000000,5.126934931654414,1.0536332951030092,-0.006255960064235142,1,
741.500000000,5.201933464020339,1.0531641011586823,-0.00625596006423526,1,
741.600000000,5.2769319963862635,1.0526949072143554,-0.006255960064235378,1,
741.700000000,5.351930528752188,1.0522257132700286,-0.006255960064235496,1,
741.800000000,5.426929061118113,1.0517565193257017,-0.006255960064235614,1,
741.900000000,5.501927593484037,1.0512873253813748,-0.006255960064235732,1,
742.000000000,5.576926125849962,1.050818131437048,-0.00625596006423585,1,
742.100000000,5.651924658215886,1.050348937492721,-0.006255960064235968,1,
742.200000000,5.726923190581811,1.0498797435483942,-0.006255960064236086,1,
742.300000000,5.801921722947736,1.049410549604067,-0.006255960064236204,1,
742.400000000,5.87692025531366,1.04894135565974,-0.006255960064236322,1,
742.500000000,5.951918787679585,1.048472161715413,-0.00625596006423644,1,
742.600000000,6.026917320045509,1.0480029677710858,-0.0062559600642365576,1,
742.700000000,6.101915852411434,1.0475337738267587,-0.0062559600642366755,1,
742.800000000,6.176914384777358,1.0470645798824316,-0.0062559600642367935,1,
742.900000000,6.251912917143283,1.0465953859381045,-0.0062559600642369114,1,
743.000000000,6.326911449509208,1.0461261919937774,-0.006255960064237029,1,
743.100000000,6.401909981875132,1.0456569980494503,-0.006255960064237147,1,
743.200000000,6.476908514241057,1.0451878041051232,-0.006255960064237265,1,
743.300000000,6.551907046606981,1.0447186101607961,-0.006255960064237383,1,
743.400000000,6.626905578972906,1.044249416216469,-0.006255960064237501,1,
743.500000000,6.7019041113388305,1.043780222272142,-0.006255960064237619,1,
743.600000000,6.776902643704755,1.0433110283278149,-0.006255960064237737,1,
743.700000000,6.85190117607068,1.0428418343834878,-0.006255960064237855,1,
743.800000000,6.926899708436604,1.0423726404391607,-0.006255960064237973,1,
743.900000000,7.001898240802529,1.0419034464948336,-0.006255960064238091,1,
744.000000000,7.076896773168453,1.0414342525505065,-0.006255960064238209,1,
744.100000000,7.151895305534378,1.0409650586061794,-0.006255960064238327,1,
744.200000000,7.2268938379003025,1.0404958646618523,-0.006255960064238445,1,
744.300000000,7.301892370266227,1.0400266707175252,-0.006255960064238563,1,
744.400000000,7.376890902632152,1.039557476773198,-0.006255960064238681,1,
744.500000000,7.451889434998076,1.039088282828871,-0.006255960064238799,1,
744.600000000,7.526887967364001,1.038619088884544,-0.006255960064238917,1,
744.700000000,7.601886499729925,1.0381498949402168,-0.006255960064239035,1,
744.800000000,7.67688503209585,1.0376807009958895,-0.006255960064239153,1,
744.900000000,7.7518835644617745,1.0372115070515622,-0.006255960064239271,1,
745.000000000,7.826882096827699,1.0367423131072349,-0.006255960064239389,1,
745.100000000,7.901880629193624,1.0362731191629075,-0.006255960064239507,1,
745.200000000,7.976879161559548,1.0358039252185802,-0.0062559600642396246,1,
745.300000000,8.051877693925473,1.035334731274253,-0.0062559600642397425,1,
745.400000000,8.126876226291397,1.0348655373299256,-0.0062559600642398605,1,
745.500000000,8.201874758657322,1.0343963433855983,-0.0062559600642399784,1,
745.600000000,8.276873291023247,1.033927149441271,-0.006255960064240096,1,
745.700000000,8.351871823389171,1.0334579554969436,-0.006255960064240214,1,
745.800000000,8.426870355755096,1.0329887615526163,-0.006255960064240332,1,
745.900000000,8.50186888812102,1.032519567608289,-0.00625596006424045,1,
746.000000000,8.576867420486945,1.0320503736639617,0.012013075040927631,1,
746.100000000,8.65186200877808,1.0329513326215054,0.030282110146095716,1,
746.200000000,8.726827623673504,1.035222143787345,0.048551145251263784,1,
746.300000000,8.801739245522121,1.0388620492819756,0.06682018035643185,1,
746.400000000,8.876571872692924,1.0438698342929047,0.08508921546159993,1,
746.500000000,8.95130052991925,1.050243827480093,0.10335825056676803,1,
746.600000000,9.025900276634236,1.0579819015337613,0.12162728567193612,1,
746.700000000,9.100346215294689,1.067081473884378,0.13989632077710423,1,
746.800000000,9.174613499690603,1.0775395075645853,0.14983876723885228,1,
746.900000000,9.248773136646099,1.0887354106826495,0.1597812137006003,1,
747.000000000,9.322817795375212,1.1006680765075667,0.16972366016234838,1,
747.100000000,9.39674015645774,1.1133363254782882,0.17966610662409638,1,
747.200000000,9.470532912562781,1.1267389053203216,0.18960855308584446,1,
747.300000000,9.544188769171065,1.1408744911695194,0.1995509995475925,1,
747.400000000,9.617700445296034,1.1557416857030445,0.20949344600934053,1,
747.500000000,9.691060674203579,1.1713390192774964,0.2194358924710886,1,
747.600000000,9.764262204130361,1.187664950074189,0.2149323918848969,1,
747.700000000,9.837536515329726,1.2036610532952436,0.21042889129870523,1,
747.800000000,9.910882121689957,1.219327004515961,0.20450982092324452,1,
747.900000000,9.984319170534143,1.234558546035342,0.1985907505477838,1,
748.000000000,10.057845088973846,1.2493551442118849,0.19267168017232314,1,
748.100000000,10.131457301007057,1.2637162806424542,0.18675260979686245,1,
748.200000000,10.205153227608447,1.2776414521804447,0.18083353942140182,1,
748.300000000,10.27893028681972,1.2911301709534075,0.1749144690459411,1,
748.400000000,10.35278589384008,1.3041819643801444,0.16899539867048038,1,
748.500000000,10.42671746111678,1.3167963751872638,0.16307632829501967,1,
748.600000000,10.500722398435787,1.328972961425202,0.15443992560271325,1,
748.700000000,10.574829736446993,1.3405099650610193,0.1458035229104068,1,
748.800000000,10.649033947707279,1.351406525584366,0.13716712021810035,1,
748.900000000,10.72332949754804,1.3616618302536143,0.12853071752579387,1,
749.000000000,10.797710844488002,1.3712751141564796,0.1198943148334874,1,
749.100000000,10.872172440646544,1.380245660267072,0.11125791214118098,1,
749.200000000,10.946708732157497,1.3885727994993777,0.1026215094488745,1,
749.300000000,11.021314159583392,1.396255910757164,0.09398510675656808,1,
749.400000000,11.09598315833012,1.4032944209803047,0.0853487040642616,1,
749.500000000,11.170710159061976,1.4096878051875232,0.07671230137195513,1,
749.600000000,11.245489588117065,1.4154355865155495,0.06941633565288884,1,
749.700000000,11.320308962128246,1.4206376315533353,0.062120369933822556,1,
749.800000000,11.395164298394423,1.4252936633914473,0.054824404214756255,1,
749.900000000,11.470051612300203,1.4294034341852149,0.04752843849568994,1,
750.000000000,11.54496691752799,1.432966725167924,0.040232472776623646,1,
750.100000000,11.61990622627019,1.4359833466624605,0.03293650705755735,1,
750.200000000,11.694865549441477,1.4384531380914094,0.025640541338491057,1,
750.300000000,11.769840896891143,1.4403759679856,0.018344575619424763,1,
750.400000000,11.84482827761549,1.441751733991106,0.011048609900358466,1,
750.500000000,11.919823699970278,1.442580362874692,0.003752644181292175,1,
750.600000000,11.99482317188321,1.4428618105277145,0.002206015042721958,1,
750.700000000,12.069822989389445,1.443027261521724,0.0006593859041517414,1,
750.800000000,12.14482297308483,1.4430767154609516,0.0006593859041516231,1,
750.900000000,12.219822956780215,1.4431261694001793,0.0006593859041515048,1,
751.000000000,12.2948229404756,1.443175623339407,0.0006593859041513865,1,
751.100000000,12.369822924170984,1.4432250772786348,0.0006593859041512682,1,
751.200000000,12.444822907866369,1.4432745312178625,0.00065938590415115,1,
751.300000000,12.519822891561754,1.4433239851570903,0.0006593859041510317,1,
751.400000000,12.594822875257139,1.443373439096318,0.0006593859041509134,1,
751.500000000,12.669822858952523,1.4434228930355457,0.0006593859041507951,1,
751.600000000,12.744822842647908,1.4434723469747734,0.0006593859041506768,1,
751.700000000,12.819822826343293,1.4435218009140012,0.0006593859041505585,1,
751.800000000,12.894822810038677,1.4435712548532287,0.0006593859041504402,1,
751.900000000,12.969822793734062,1.4436207087924562,0.000659385904150322,1,
752.000000000,13.044822777429447,1.4436701627316837,0.0006593859041502037,1,
752.100000000,13.119822761124832,1.4437196166709112,0.0006593859041500854,1,
752.200000000,13.194822744820216,1.4437690706101387,0.0006593859041499671,1,
752.300000000,13.269822728515601,1.4438185245493662,0.0006593859041498488,1,
752.400000000,13.344822712210986,1.4438679784885937,0.0006593859041497325,1,
752.500000000,13.41982269590637,1.4439174324278212,0.0006593859041496161,1,
752.600000000,13.494822679601755,1.4439668863670487,0.0006593859041494979,1,
752.700000000,13.56982266329714,1.4440163403062762,0.0006593859041493796,1,
752.800000000,13.644822646992525,1.4440657942455037,0.0006593859041492613,1,
752.900000000,13.71982263068791,1.4441152481847312,0.000659385904149143,1,
753.000000000,13.794822614383294,1.4441647021239588,0.0006593859041490247,1,
753.100000000,13.86982259807868,1.4442141560631863,0.0006593859041489064,1,
753.200000000,13.944822581774064,1.4442636100024138,0.0006593859041487881,1,
753.300000000,14.019822565469449,1.4443130639416413,0.0006593859041486698,1,
753.400000000,14.094822549164833,1.4443625178808688,0.0006593859041485516,1,
753.500000000,14.169822532860218,1.4444119718200963,0.0006593859041484333,1,
753.600000000,14.244822516555603,1.4444614257593238,0.000659385904148315,1,
753.700000000,14.319822500250988,1.4445108796985513,0.0006593859041481967,1,
753.800000000,14.394822483946372,1.4445603336377788,0.0006593859041480784,1,
753.900000000,14.469822467641757,1.4446097875770063,0.0006593859041479601,1,
754.000000000,14.544822451337142,1.4446592415162338,0.0006593859041478418,1,
754.100000000,14.619822435032527,1.4447086954554613,0.0006593859041477236,1,
754.200000000,14.694822418727911,1.4447581493946888,0.0006593859041476053,1,
754.300000000,14.769822402423296,1.4448076033339161,0.000659385904147487,1,
754.400000000,14.84482238611868,1.4448570572731434,0.0006593859041473687,1,
754.500000000,14.919822369814066,1.4449065112123707,0.0006593859041472504,1,
754.600000000,14.99482235350945,1.444955965151598,0.0006593859041471321,1,
754.700000000,15.069822337204835,1.4450054190908252,0.0006593859041470138,1,
754.800000000,15.14482232090022,1.4450548730300525,0.0006593859041468956,1,
754.900000000,15.219822304595604,1.4451043269692798,0.0006593859041467773,1,
755.000000000,15.29482228829099,1.445153780908507,0.000659385904146659,1,
755.100000000,15.369822271986374,1.4452032348477344,0.0006593859041465407,1,
755.200000000,15.444822255681759,1.4452526887869617,0.0006593859041464224,1,
755.300000000,15.519822239377143,1.445302142726189,0.0006593859041463041,1,
755.400000000,15.594822223072528,1.4453515966654162,0.0006593859041461858,1,
755.500000000,15.669822206767913,1.4454010506046435,0.0006593859041460675,1,
755.600000000,15.744822190463298,1.4454505045438708,0.0006593859041459493,1,
755.700000000,15.819822174158682,1.445499958483098,0.000659385904145831,1,
755.800000000,15.894822157854067,1.4455494124223254,0.0006593859041457127,1,
755.900000000,15.969822141549452,1.4455988663615527,0.0006593859041455944,1,
756.000000000,16.044822125244835,1.44564832030078,0.0006593859041454761,1,
756.100000000,16.11982210894022,1.4456977742400072,0.0006593859041453578,1,
756.200000000,16.194822092635604,1.4457472281792345,0.0006593859041452395,1,
756.300000000,16.26982207633099,1.4457966821184618,0.0006593859041451213,1,
756.400000000,16.344822060026374,1.445846136057689,0.000659385904145003,1,
756.500000000,16.41982204372176,1.4458955899969164,0.0006593859041448847,1,
756.600000000,16.494822027417143,1.4459450439361436,0.0006593859041447664,1,
756.700000000,16.569822011112528,1.445994497875371,0.0006593859041446481,1,
756.800000000,16.644821994807913,1.446043951814598,0.0006593859041445298,1,
756.900000000,16.719821978503298,1.446093405753825,0.0006593859041444115,1,
757.000000000,16.794821962198682,1.4461428596930521,0.0006593859041442933,1,
757.100000000,16.869821945894067,1.4461923136322792,0.000659385904144175,1,
757.200000000,16.94482192958945,1.4462417675715062,0.0006593859041440567,1,
757.300000000,17.019821913284837,1.4462912215107333,0.0006593859041439384,1,
757.400000000,17.09482189698022,1.4463406754499604,0.0006593859041438201,1,
757.500000000,17.169821880675606,1.4463901293891874,0.0006593859041437018,1,
757.600000000,17.24482186437099,1.4464395833284145,0.0006593859041435835,1,
757.700000000,17.319821848066375,1.4464890372676416,0.0006593859041434652,1,
757.800000000,17.39482183176176,1.4465384912068686,0.000659385904143347,1,
757.900000000,17.469821815457145,1.4465879451460957,0.0006593859041432287,1,
758.000000000,17.54482179915253,1.4466373990853227,0.0006593859041431104,1,
758.100000000,17.619821782847914,1.4466868530245498,0.0006593859041429921,1,
758.200000000,17.6948217665433,1.4467363069637769,0.0006593859041428738,1,
758.300000000,17.769821750238684,1.446785760903004,0.0006593859041427555,1,
758.400000000,17.84482173393407,1.446835214842231,0.0006593859041426372,1,
758.500000000,17.919821717629453,1.446884668781458,0.000659385904142519,1,
758.600000000,17.994821701324838,1.4469341227206851,0.0006593859041424007,1,
758.700000000,18.069821685020223,1.4469835766599122,0.0006593859041422824,1,
758.800000000,18.144821668715608,1.4470330305991392,0.0006593859041421641,1,
758.900000000,18.219821652410992,1.4470824845383663,0.0006593859041420458,1,
759.000000000,18.294821636106377,1.4471319384775934,0.0006593859041419275,1,
759.100000000,18.369821619801762,1.4471813924168204,0.0006593859041418092,1,
759.200000000,18.444821603497147,1.4472308463560475,0.000659385904141691,1,
759.300000000,18.51982158719253,1.4472803002952743,0.0006593859041415727,1,
759.400000000,18.594821570887916,1.4473297542345012,0.0006593859041414544,1,
759.500000000,18.6698215545833,1.447379208173728,0.0006593859041413361,1,
759.600000000,18.744821538278686,1.4474286621129548,0.0006593859041412178,1,
759.700000000,18.81982152197407,1.4474781160521817,0.0006593859041410995,1,
759.800000000,18.894821505669455,1.4475275699914085,0.0006593859041409812,1,
759.900000000,18.96982148936484,1.4475770239306354,0.0006593859041408629,1,
760.000000000,19.044821473060225,1.4476264778698622,0.0006593859041407447,1,
760.100000000,19.11982145675561,1.447675931809089,0.0006593859041406264,1,
760.200000000,19.194821440450994,1.4477253857483159,0.0006593859041405081,1,
760.300000000,19.26982142414638,1.4477748396875427,0.0006593859041403898,1,
760.400000000,19.344821407841764,1.4478242936267696,0.0006593859041402715,1,
760.500000000,19.41982139153715,1.4478737475659964,0.0006593859041401532,1,
760.600000000,19.494821375232533,1.4479232015052232,0.0006593859041400349,1,
760.700000000,19.569821358927918,1.44797265544445,0.0006593859041399167,1,
760.800000000,19.644821342623302,1.448022109383677,0.0006593859041397984,1,
760.900000000,19.719821326318687,1.4480715633229038,0.0006593859041396801,1,
761.000000000,19.794821310014072,1.4481210172621306,0.0006593859041395618,1,
761.100000000,19.869821293709457,1.4481704712013574,0.0006593859041394435,1,
761.200000000,19.94482127740484,1.4482199251405843,0.0006593859041393252,1,
761.300000000,20.019821261100226,1.4482693790798111,0.0006593859041392069,1,
761.400000000,20.09482124479561,1.448318833019038,0.0006593859041390886,1,
761.500000000,20.169821228490996,1.4483682869582648,0.0006593859041389704,1,
761.600000000,20.24482121218638,1.4484177408974916,0.0006593859041388521,1,
761.700000000,20.319821195881765,1.4484671948367185,0.0006593859041387338,1,
761.800000000,20.39482117957715,1.448516648775945,0.0006593859041386155,1,
761.900000000,20.469821163272535,1.4485661027151717,0.0006593859041384972,1,
762.000000000,20.54482114696792,1.4486155566543983,0.0006593859041383789,1,
762.100000000,20.619821130663304,1.448665010593625,0.0006593859041382606,1,
762.200000000,20.69482111435869,1.4487144645328516,0.0006593859041381424,1,
762.300000000,20.769821098054074,1.4487639184720782,0.0006593859041380241,1,
762.400000000,20.84482108174946,1.4488133724113048,0.0006593859041379058,1,
762.500000000,20.919821065444843,1.4488628263505314,0.0006593859041377875,1,
762.600000000,20.994821049140228,1.448912280289758,0.0006593859041376692,1,
762.700000000,21.069821032835613,1.4489617342289847,0.0006593859041375509,1,
762.800000000,21.144821016530997,1.4490111881682113,0.0006593859041374326,1,
762.900000000,21.219821000226382,1.449060642107438,0.0006593859041373144,1,
763.000000000,21.294820983921767,1.4491100960466645,0.0006593859041371961,1,
763.100000000,21.36982096761715,1.4491595499858911,0.0006593859041370778,1,
763.200000000,21.444820951312536,1.4492090039251178,0.0006593859041369595,1,
763.300000000,21.51982093500792,1.4492584578643444,0.0006593859041368412,1,
763.400000000,21.594820918703306,1.449307911803571,0.0006593859041367229,1,
763.500000000,21.66982090239869,1.4493573657427976,0.0006593859041366046,1,
763.600000000,21.744820886094075,1.4494068196820242,0.0006593859041364863,1,
763.700000000,21.81982086978946,1.4494562736212508,0.0006593859041363681,1,
763.800000000,21.894820853484845,1.4495057275604775,0.0006593859041362498,1,
763.900000000,21.96982083718023,1.449555181499704,0.0006593859041361315,1,
764.000000000,22.044820820875614,1.4496046354389307,0.005162886490327621,1,
764.100000000,22.11981982130045,1.4499918502054727,0.009666387076519106,1,
764.200000000,22.194816317363767,1.4507168179460403,0.014169887662710596,1,
764.300000000,22.269808788025387,1.4517795239572127,0.018673388248902086,1,
764.400000000,22.34479571232677,1.4531799466857354,0.021720262954649648,1,
764.500000000,22.419778021653926,1.4548088383232978,0.024767137660397207,1,
764.600000000,22.49475501991321,1.4566661837481851,0.02781401236614478,1,
764.700000000,22.569726011060286,1.4587519657178456,0.03086088707189235,1,
764.800000000,22.644690299106585,1.461066164869051,0.03390776177763991,1,
764.900000000,22.719647188125766,1.4636087597180765,0.036954636483387475,1,
765.000000000,22.794595982260173,1.4663797266608996,0.03850126562195747,1,
765.100000000,22.869540401097023,1.4692666082322565,0.04004789476052747,1,
765.200000000,22.944480265364675,1.4722693975265497,0.04159452389909744,1,
765.300000000,23.019415395802387,1.4753880873609238,0.04314115303766745,1,
765.400000000,23.09434561316074,1.4786226702752814,0.04468778217623743,1,
765.500000000,23.16927073820207,1.4819731385323023,0.046234411314807426,1,
765.600000000,23.244190591700885,1.4854394841174612,0.04623441131480731,1,
765.700000000,23.3191104451997,1.48890582970262,0.04623441131480719,1,
765.800000000,23.394030298698517,1.492372175287779,0.04623441131480707,1,
765.900000000,23.468950152197333,1.495838520872938,0.046234411314806954,1,
766.000000000,23.526807480610376,1.4985154280683957,0.004153633367832153,1,
766.100000000,23.584726203033505,1.4987560025899938,-0.037927144579142646,1,
766.200000000,23.609232294461126,1.497826110601203,-0.11340341696342893,1,
766.300000000,23.63359849932569,1.4950509931860625,-0.1888796893477152,1,
766.400000000,23.635117622144435,1.4947606001900322,-0.2873330600351219,1,
766.500000000,23.636600844425388,1.4943222921980255,-0.3857864307225285,1,
766.600000000,23.63803380080612,1.493740314327745,-0.4842398014099353,1,
766.700000000,23.639402612761458,1.4930203031740161,-0.582693172097342,1,
766.800000000,23.640694023020334,1.4921692322170181,-0.6811465427847487,1,
766.900000000,23.64189552396561,1.491195344282462,-0.7795999134721554,1,
767.000000000,23.64299547877335,1.4901080717078516,-0.8780532841595621,1,
767.100000000,23.643983234118245,1.4889179449880405,-0.9765066548469684,1,
767.200000000,23.6448492233536,1.4876364907848711,-1.0749600255343754,1,
767.300000000,23.645585059166613,1.4862761202886985,-1.173413396221782,1,
767.400000000,23.6461836148115,1.4848500090130443,-1.2718667669091888,1,
767.500000000,23.646639093133718,1.4833719691865985,-1.3703201375965954,1,
767.600000000,23.646947082716817,1.4818563159784814,-1.4687735082840017,1,
767.700000000,23.647104600608042,1.4803177288524085,-1.5672268789714088,1,
767.800000000,23.647110121208954,1.4787711093925742,-1.6656802496588154,1,
767.900000000,23.64696359105121,1.4772314369782455,-1.7641336203462221,1,
768.000000000,23.64666642931443,1.4757136237048931,-1.8625869910336292,1,
768.100000000,23.646221514081077,1.4742323699569806,-1.9610403617210364,1,
768.200000000,23.645633154461574,1.4728020220312261,-2.0594937324084435,1,
768.300000000,23.64490704885951,1.471436433189289,-2.157947103095849,1,
768.400000000,23.644050229781254,1.4701488294856175,-2.2564004737832555,1,
768.500000000,23.643070995724447,1.4689516816699493,-2.354853844470662,1,
768.600000000,23.641978830805062,1.4678565844051188,-2.453307215158069,1,
768.700000000,23.640784312901484,1.466874143969975,-2.5517605858454755,1,
768.800000000,23.605146291280477,1.443021172194276,-2.608876639576601,1,
768.900000000,23.568204736813858,1.4212414935653,-2.6659926933077265,1,
769.000000000,23.502836817993394,1.3875749901001195,-2.6924644792229984,1,
769.100000000,23.436600692909263,1.355650485400301,-2.7189362651382702,1,
769.200000000,23.36954277417665,1.3254903494301185,-2.745408051053542,1,
769.300000000,23.301710050253497,1.297115715835042,-2.771879836968814,1,
769.400000000,23.233150052514997,1.2705464671330864,-2.798351622884086,1,
769.500000000,23.16391082194767,1.2458012207828413,-2.824823408799358,1,
769.600000000,23.094040875486353,1.2228973161379475,-2.8512951947146297,1,
769.700000000,23.023589172017672,1.2018508022971601,-2.8777669806299015,1,
769.800000000,22.951671987509947,1.1824243784375736,-2.903272233355408,1,
769.900000000,22.879282771310184,1.164838339956017,-2.928777486080915,1,
770.000000000,22.807413339732847,1.1493082700514696,-2.9552492719961867,1,
770.100000000,22.735158027459956,1.135685931234785,-2.9817210579114586,1,
770.200000000,22.66111444753121,1.1237465731559186,-3.006090035099161,1,
770.300000000,22.586801930646335,1.1136149477071158,-3.030459012286863,1,
770.400000000,22.51723375994075,1.1058515963252182,-3.0532033909953853,1,
770.500000000,22.4475070251215,1.099672401276854,-3.0759477697039075,1,
770.600000000,22.38098394857258,1.0952992181213868,-3.0941857058875253,1,
770.700000000,22.31439218183306,1.09213993862222,-3.112423642071143,1,
770.800000000,22.254417704960318,1.0903900460996034,-3.1278290236748396,1,
770.900000000,22.194423387995855,1.089564254377937,3.13995090190105,1,
771.000000000,22.136090133276838,1.0896600231834253,3.125946307637987,1,
771.100000000,22.077763940035304,1.0905726894581946,3.111941713374924,1,
771.200000000,22.026119983809625,1.0921044302340752,3.1012420610920532,1,
771.300000000,21.974495372502854,1.0941886451628609,3.0905424088091826,1,
771.400000000,21.92622500690697,1.0966550020613623,3.080533056673594,1,
771.500000000,21.877981745548077,1.099604382431635,3.070523704538005,1,
771.600000000,21.83309534062306,1.1027997936582907,3.060465012819506,1,
771.700000000,21.788243347535502,1.1064465341307683,3.0504063211010073,1,
771.800000000,21.745090046593678,1.1103924681903028,3.0428434437577345,1,
771.900000000,21.701967822098915,1.1146646494131736,3.0352805664144618,1,
772.000000000,21.62739125780389,1.1226230448513326,3.0216076928284417,1,
772.100000000,21.552930475094737,1.1316003405655357,3.0079348192424216,1,
772.200000000,21.52154624085883,1.135820248053078,3.0029193119713042,1,
772.300000000,21.490183566250167,1.1401975096592532,2.997903804700187,1,
772.400000000,21.41595647824845,1.150937128217903,2.984230931114167,1,
772.500000000,21.34188316529356,1.1626906088890334,2.9705580575281467,1,
772.600000000,21.267977474988367,1.1754557544233755,2.958099119442715,1,
772.700000000,21.194236556662865,1.1891406718331183,2.9456401813572834,1,
772.800000000,21.120671856613228,1.2037432369025434,2.933181243271852,1,
772.900000000,21.047294793782477,1.2192611829757898,2.92072230518642,1,
773.000000000,20.974116757988003,1.2356921013086917,2.9095062807504,1,
773.100000000,20.901127610732246,1.2529427355833305,2.89829025631438,1,
773.200000000,20.828336533895587,1.2710109157063934,2.88707423187836,1,
773.300000000,20.755752684441564,1.289894368739028,2.87585820744234,1,
773.400000000,20.68338519326495,1.309590719182775,2.8646421830063202,1,
773.500000000,20.611243164043106,1.3300974892783983,2.8534261585703002,1,
773.600000000,20.539335672090754,1.3514120993175849,2.8475070881948397,1,
773.700000000,20.46755560172854,1.373151958995047,2.841588017819379,1,
773.800000000,20.39590546779218,1.3953163066484566,2.8370845172331873,1,
773.900000000,20.324355877256554,1.4178031048683999,2.8325810166469956,1,
774.000000000,20.25290828125349,1.440611897589255,2.828077516060804,1,
774.100000000,20.181564128846208,1.4637422222148746,2.823574015474612,1,
774.200000000,20.110324866999942,1.4871936096279672,2.8190705148884203,1,
774.300000000,20.039191940552584,1.5109655841996117,2.8145670143022286,1,
774.400000000,19.968166792185393,1.535057663798904,2.810063513716037,1,
774.500000000,19.897250862393726,1.559469359802735,2.805560013129845,1,
774.600000000,19.826445589457826,1.5842001771057013,2.815496105621823,1,
774.700000000,19.75539808800666,1.608226257467397,2.8254321981138006,1,
774.800000000,19.684115372213462,1.6315452289101122,2.835327999413985,1,
774.900000000,19.612605390497205,1.654157670506294,2.845223800714169,1,
775.000000000,19.542469150993647,1.6755746190769305,2.854487955122852,1,
775.100000000,19.472137514093944,1.6963409049457607,2.8637521095315353,1,
775.200000000,19.40642476581087,1.7150833476235332,2.8723846170487173,1,
775.300000000,19.340552673707876,1.733257833212389,2.8810171245658993,1,
775.400000000,19.27935735585891,1.7495748238808644,2.8890179851915803,1,
775.500000000,19.218033448095678,1.7654016823106913,2.897018845817261,1,
775.600000000,19.166287282096633,1.7783159669925401,2.9071927232570127,1,
775.700000000,19.11441240805696,1.7907031332468761,2.9173666006967642,1,
775.800000000,19.065664083675596,1.8018207260622916,2.926904610796531,1,
775.900000000,19.016811938578833,1.8124728582171687,2.936442620896298,1,
776.000000000,18.97112385176285,1.8219795138264214,2.9453447636560806,1,
776.100000000,18.925352946795375,1.8310790762464613,2.954246906415863,1,
776.200000000,18.88277785776063,1.8391499852077346,2.962513181835661,1,
776.300000000,18.840137507726826,1.84686868501875,2.970779457255459,1,
776.400000000,18.800719633223594,1.8536680356971154,2.978409865335273,1,
776.500000000,18.761251024913857,1.8601664168872754,2.9860402734150866,1,
776.600000000,18.72338052427818,1.8661052405121679,2.992730511064905,1,
776.700000000,18.685471139322495,1.8717905704697022,2.9994207487147233,1,
776.800000000,18.65082426879248,1.8767498408269576,3.005529226568905,1,
776.900000000,18.616147751253727,1.881497380335447,3.011637704423087,1,
777.000000000,18.58474810638063,1.885601046942402,3.0171644224816325,1,
777.100000000,18.553326261358418,1.8895311147761469,3.022691140540178,1,
777.200000000,18.523538075184607,1.8930897612146698,3.0279269787009055,1,
777.300000000,18.49373166490486,1.8964923934656357,3.033162816861633,1,
777.400000000,18.465564726367752,1.899558555761501,3.038107775124542,1,
777.500000000,18.437382970224768,1.9024853968017874,3.043052733387451,1,
777.600000000,18.410845667041038,1.9051088774756177,3.047706811752542,1,
777.700000000,18.384296441421128,1.907608823493872,3.0523608901176327,1,
777.800000000,18.35939590424387,1.9098366583809014,3.0567240885849056,1,
777.900000000,18.33448588363331,1.9119558264208385,3.0610872870521786,1,
778.000000000,18.31122812246791,1.913832256546801,3.0632929364438266,1,
778.100000000,18.287966279132092,1.9156573836832806,3.0654985858354746,1,
778.200000000,18.266362310530674,1.9173044978606717,3.067546688842005,1,
778.300000000,18.24475501378346,1.918907361461356,3.069594791848535,1,
778.400000000,18.224806828316062,1.9203460749694239,3.0714853484699476,1,
778.500000000,18.20485595853037,1.9217470727547097,3.07337590509136,1,
778.600000000,18.184902475734848,1.9231103498097626,3.0762223266021227,1,
778.700000000,18.164945193316086,1.924416825396156,3.0790687481128853,1,
778.800000000,18.144984272970184,1.925666488928681,3.081915169623648,1,
778.900000000,18.12501987642271,1.9268593302824264,3.0847615911344106,1,
779.000000000,18.1050521654274,1.9279953397928604,3.0876080126451733,1,
779.100000000,18.085081301764845,1.9290745082559089,3.090454434155936,1,
779.200000000,18.06510744724118,1.9300968269280305,3.0933008556666985,1,
779.300000000,18.045130763686764,1.9310622875262868,3.096147277177461,1,
779.400000000,18.026816358849214,1.931895166003233,3.09875649689566,1,
779.500000000,18.008499843193633,1.9326802553930436,3.101365716613859,1,
779.600000000,17.988516023076176,1.9334845771651539,3.103892304179863,1,
779.700000000,17.968530234556262,1.9342384055523025,3.1064188917458675,1,
779.800000000,17.948542605215998,1.9349417357423195,3.1086269122996404,1,
779.900000000,17.928553471632853,1.9356009311573015,3.1108349328534133,1,
780.000000000,17.908562931260903,1.936215988583438,3.113042953407186,1,
780.100000000,17.888571081561086,1.9367869050221072,3.115250973960959,1,
780.200000000,17.868578020000722,1.93731367768989,3.117458994514732,1,
780.300000000,17.848583844053042,1.937796304018584,3.119667015068505,1,
780.400000000,17.828588651196704,1.9382347816552152,3.1218750356222777,1,
780.500000000,17.808592538915327,1.9386291084620508,3.1240830561760506,1,
780.600000000,17.790262015881876,1.9389501013453954,3.1258160664123453,1,
780.700000000,17.771930964090995,1.9392393267785646,3.12754907664864,1,
780.800000000,17.751932936279115,1.939520189085135,3.1294396332700525,1,
780.900000000,17.731934413219964,1.939763243508403,3.131330189891465,1,
781.000000000,17.711935466392333,1.9399684891796425,3.1332207465128774,1,
781.100000000,17.69193616727652,1.940135925365264,3.13511130313429,1,
781.200000000,17.670269955693882,1.9402763536419454,3.13715940614082,1,
781.300000000,17.648603501941764,1.9403724070220387,3.1392075091473504,1,
781.400000000,17.62860355883088,1.940420109865658,3.141098065768763,1,
781.500000000,17.60860356127705,1.9404300016216753,-3.140196684789411,1,
781.600000000,17.588603580764335,1.9404020822547356,-3.1383061281679985,1,
781.700000000,17.568603688776733,1.9403363518646284,-3.136415571546586,1,
781.800000000,17.550270601129487,1.9402414391178155,-3.1349727069231235,1,
781.900000000,17.53193766951188,1.9401200743153735,-3.133529842299661,1,
782.000000000,17.510271707104764,1.9399453819635286,-3.1318246386537507,1,
782.100000000,17.4886060740828,1.9397337450054775,-3.1301194350078405,1,
782.200000000,17.468607390415805,1.9395042856680527,-3.128545400873154,1,
782.300000000,17.44860909269969,1.9392433480171378,-3.1269713667384678,1,
782.400000000,17.4286112304819,1.9389509326992278,-3.1253973326037814,1,
782.500000000,17.40861385330879,1.9386270404388057,-3.123823298469095,1,
782.600000000,17.388617010725522,1.9382716720383417,-3.1222492643344086,1,
782.700000000,17.368620752275934,1.9378848283782903,-3.1206752301997223,1,
782.800000000,17.350291429566877,1.9375013702471888,-3.1195217946347267,1,
782.900000000,17.331962561344756,1.9370967706831592,-3.118368359069731,1,
783.000000000,17.313634171994543,1.9366710302244863,-3.1172149235047355,1,
783.100000000,17.295306285900576,1.9362241494375807,-3.11606148793974,1,
783.200000000,17.275312803950698,1.935713581596924,-3.1148031945961083,1,
783.300000000,17.255319980272624,1.935177856501844,-3.1135449012524767,1,
783.400000000,17.235327846521034,1.9346169750005553,-3.112286607908845,1,
783.500000000,17.21533643434951,1.9340309379811025,-3.1110283145652136,1,
783.600000000,17.19534577541049,1.9334197463713594,-3.109770021221582,1,
783.700000000,17.17535590135523,1.9327834011390266,-3.1085117278779504,1,
783.800000000,17.155366843833725,1.9321219032916308,-3.107253434534319,1,
783.900000000,17.1353786344947,1.931435253876523,-3.105995141190687,1,
784.000000000,17.11705691577795,1.930782770638847,-3.105130563138923,1,
784.100000000,17.098735768031517,1.9301144470911353,-3.104265985087159,1,
784.200000000,17.078749699215717,1.9293680870640313,-3.1033228090306886,1,
784.300000000,17.05876434323833,1.928602876990126,-3.1023796329742184,1,
784.400000000,17.038779717877954,1.9278188175501356,-3.101436456917748,1,
784.500000000,17.01879584091253,1.9270159094415447,-3.100493280861278,1,
784.600000000,16.99881273011934,1.926194153378605,-3.0995501048048077,1,
784.700000000,16.978830403274973,1.9253535500923349,-3.0986069287483375,1,
784.800000000,16.95884887815533,1.9244941003305194,-3.0979784034281894,1,
784.900000000,16.93886789716838,1.9236220918448181,-3.0973498781080413,1,
785.000000000,16.90556718223356,1.9221478137363095,-3.096302335907794,1,
785.100000000,16.872268029938176,1.9206386525388837,-3.095254793707547,1,
785.200000000,16.84063535447863,1.9191718120401242,-3.094259628617312,1,
785.300000000,16.809004154431065,1.9176734925385779,-3.093264463527077,1,
785.400000000,16.77737446112155,1.9161436955181108,-3.0922692984368423,1,
785.500000000,16.74574630587466,1.9145824224937626,-3.0912741333466074,1,
785.600000000,16.712455162862863,1.9129058461969026,-3.0902265911463602,1,
785.700000000,16.679165794401094,1.9111943969491123,-3.089179048946113,1,
785.800000000,16.647542614888355,1.909535392644475,-3.088183883855878,1,
785.900000000,16.615921102017573,1.9078449188822388,-3.0871887187656433,1,
786.000000000,16.584301287105227,1.9061229773365709,-3.0861935536754084,1,
786.100000000,16.552683201466106,1.9043695697128018,-3.0851983885851735,1,
786.200000000,16.522730893521338,1.9026786383771817,-3.084255600604951,1,
786.300000000,16.492780193077614,1.9009594691213259,-3.0833128126247282,1,
786.400000000,16.44785659359607,1.898338360649312,-3.0818986306543943,1,
786.500000000,16.402936745759224,1.8956537246750356,-3.0804844486840604,1,
786.600000000,16.377983408894508,1.8941269701708645,-3.0800917173014177,1,
786.700000000,16.35303067355856,1.8925904158261986,-3.079698985918775,1,
786.800000000,16.329742018930606,1.891147152141244,-3.0793324366283086,1,
786.900000000,16.30645389489443,1.889695352113608,-3.078965887337842,1,
787.000000000,16.28482970388724,1.8883393256651562,-3.0786255201395516,1,
787.100000000,16.26320597567954,1.8869759391300858,-3.078285152941261,1,
787.200000000,16.243246040692064,1.8857106347020172,-3.077970967835147,1,
787.300000000,16.22328650422953,1.8844390592222102,-3.0776567827290324,1,
787.400000000,16.188358016286692,1.8822028280116663,-3.0771069587933324,1,
787.500000000,16.153430763156788,1.8799473926213945,-3.0765571348576324,1,
787.600000000,16.120167898625134,1.8777810698707593,-3.076033493014109,1,
787.700000000,16.086906173031018,1.8755973295902195,-3.0755098511705854,1,
787.800000000,16.05530862437164,1.8735062302391416,-3.075012391419238,1,
787.900000000,16.023712119859645,1.871399412638751,-3.0745149316678906,1,
788.000000000,15.990453748759073,1.8691651649247116,-3.073991289824367,1,
788.100000000,15.957196552163774,1.8669135020430287,-3.0734676479808436,1,
788.200000000,15.925603339841443,1.864757878482706,-3.072970188229496,1,
788.300000000,15.894011203764153,1.862586538838207,-3.072472728478149,1,
788.400000000,15.86574552564613,1.8606296999827963,-3.0720276329111535,1,
788.500000000,15.837480721308234,1.858660280393607,-3.0715825373441583,1,
788.600000000,15.810879380171082,1.8567948686921427,-3.071163623869339,1,
788.700000000,15.78427882281412,1.854918313494433,-3.07074471039452,1,
788.800000000,15.75934153946223,1.8531485962775816,-3.072317577074059,1,
788.900000000,15.734401503428533,1.85141810425568,-3.0738904437535983,1,
789.000000000,15.71112162488015,1.8498395925461997,-3.0753584526545015,1,
789.100000000,15.687839454148007,1.848295257594251,-3.0768264615554046,1,
789.200000000,15.666218213745031,1.8468929709326884,-3.078189612677672,1,
789.300000000,15.644595081902096,1.8455201585829693,-3.07955276379994,1,
789.400000000,15.624633559037598,1.8442801565950224,-3.0808110571435714,1,
789.500000000,15.604670491689822,1.8430652730334456,-3.082069350487203,1,
789.600000000,15.584705911466333,1.841875509821766,-3.0833276438308346,1,
789.700000000,15.564739849977089,1.8407108688437381,-3.084585937174466,1,
789.800000000,15.546436298096284,1.83966631168504,-3.0857393727394617,1,
789.900000000,15.528131553562014,1.8386428671842123,-3.0868928083044573,1,
790.000000000,15.508161466833084,1.8375494157500087,-3.088151101648089,1,
790.100000000,15.488190020031192,1.836481093402009,-3.0894093949917205,1,
790.200000000,15.468217244777172,1.8354379018316898,-3.090667688335352,1,
790.300000000,15.448243172693955,1.8344198426907383,-3.0919259816789837,1,
790.400000000,15.42826783540653,1.8334269175910496,-3.0931842750226153,1,
790.500000000,15.408291264541885,1.832459128104724,-3.094442568366247,1,
790.600000000,15.388313491728965,1.8315164757640643,-3.095385744422717,1,
790.700000000,15.368334838714983,1.8305926663968726,-3.0963289204791873,1,
790.800000000,15.34835532327257,1.829687700824952,-3.0972720965356575,1,
790.900000000,15.328374963175122,1.8288015798533426,-3.0982152725921277,1,
791.000000000,15.31005887511165,1.8280065772355727,-3.0990798506438924,1,
791.100000000,15.291742106552043,1.8272274106006943,-3.099944428695657,1,
791.200000000,15.271759449791265,1.8263946868884429,-3.100887604752127,1,
791.300000000,15.251776016513633,1.825580810707186,-3.1018307808085974,1,
791.400000000,15.231791824496028,1.8247857827809326,-3.1027739568650676,1,
791.500000000,15.21180689151601,1.8240096038169245,-3.103717132921538,1,
791.600000000,15.191821235351794,1.8232522745056357,-3.1043456582416864,1,
791.700000000,15.17183510713457,1.822507506834048,-3.104974183561835,1,
791.800000000,15.151848514759736,1.8217753010963775,-3.1056027088819835,1,
791.900000000,15.131861466122881,1.821055657581878,-3.106231234202132,1,
792.000000000,15.111873969119767,1.82034857657484,-3.1068597595222807,1,
792.100000000,15.091886031646338,1.8196540583545917,-3.1074882848424292,1,
792.200000000,15.073563359102677,1.8190289327920897,-3.108064433052565,1,
792.300000000,15.055240329435138,1.8184143639077486,-3.108640581262701,1,
792.400000000,15.015262044251545,1.8170965195393651,-3.1098976319029976,1,
792.500000000,14.975282134057645,1.8158289309279476,-3.1111546825432943,1,
792.600000000,14.938632451364482,1.814713044314129,-3.1123069789635665,1,
792.700000000,14.901981507170937,1.813639389729966,-3.1134592753838386,1,
792.800000000,14.865329350141653,1.812607968601043,-3.1146115718041107,1,
792.900000000,14.828676028942885,1.8116187822968675,-3.115763868224383,1,
793.000000000,14.79035548148332,1.8106287889415045,-3.1169685417546673,1,
793.100000000,14.752033769211375,1.8096849600425244,-3.1181732152849517,1,
793.200000000,14.715377157370124,1.8088263257989032,-3.119325511705224,1,
793.300000000,14.678719580464012,1.80800993139858,-3.120477808125496,1,
793.400000000,14.643727382316374,1.8072709667197813,-3.121577727435756,1,
793.500000000,14.608734392534553,1.806570491074681,-3.122677646746016,1,
793.600000000,14.577073390509154,1.8059715515739634,-3.123175106497363,1,
793.700000000,14.545412094452987,1.8053883622209,-3.1236725662487106,1,
793.800000000,14.515416911267037,1.8048507883735516,-3.124143843907882,1,
793.900000000,14.485421478065557,1.8043273506450965,-3.1246151215670532,1,
794.000000000,14.457092227985887,1.8038463436791976,-3.1250602171340485,1,
794.100000000,14.42876276661831,1.8033779459841552,-3.1255053127010437,1,
794.200000000,14.403766001580252,1.802975779809398,-3.1258980440836863,1,
794.300000000,14.378769080526645,1.8025834306794979,-3.126290775466329,1,
794.400000000,14.355438478860542,1.802226400789939,-3.1266573247567955,1,
794.500000000,14.332107747892719,1.8018779227396602,-3.127023874047262,1,
794.600000000,14.310443380553204,1.801562277015781,-3.1273642412455525,1,
794.700000000,14.288778907033148,1.8012540051500574,-3.127704608443843,1,
794.800000000,14.267114329842375,1.8009531071782026,-3.1280449756421334,1,
794.900000000,14.245449651490723,1.8006595831350753,-3.128385342840424,1,
795.000000000,14.223784874488041,1.8003734330546806,-3.1287257100387142,1,
795.100000000,14.202120001344191,1.8000946569701686,-3.1290660772370047,1,
795.200000000,14.180455034569043,1.7998232549138355,-3.129406444435295,1,
795.300000000,14.15878997667248,1.7995592269171234,-3.1297468116335856,1,
795.400000000,14.137124830164398,1.7993025730106198,-3.130087178831876,1,
795.500000000,14.115459597554697,1.799053293224058,-3.1304275460301665,1,
795.600000000,14.093794281353292,1.798811387586317,-3.130767913228457,1,
795.700000000,14.072128884070105,1.7985768561254214,-3.1311082804267474,1,
795.800000000,14.050463408215071,1.798349698868542,-3.131448647625038,1,
795.900000000,14.02879785629813,1.7981299158419943,-3.1317890148233283,1,
796.000000000,14.007132230829232,1.7979175070712408,-3.1321293820216187,1,
796.100000000,13.985466534318336,1.7977124725808886,-3.132469749219909,1,
796.200000000,13.965467366586404,1.7975300170243986,-3.1327839343260235,1,
796.300000000,13.945468142516738,1.7973538449174467,-3.133098119432138,1,
796.400000000,13.925468864083504,1.797183956277423,-3.1334123045382523,1,
796.500000000,13.905469533260877,1.7970203511210978,-3.1337264896443666,1,
796.600000000,13.88547015202304,1.7968630294646208,-3.134040674750481,1,
796.700000000,13.865470722344172,1.7967119913235217,-3.1343548598565953,1,
796.800000000,13.842138000174183,1.7965431109442411,-3.1343548598565953,1,
796.900000000,13.818805278004193,1.7963742305649606,-3.1343548598565953,1,
797.000000000,13.797139178846345,1.7962174130699142,-3.1343548598565953,1,
797.100000000,13.775473079688497,1.7960605955748679,-3.1343548598565953,1,
797.200000000,13.75380698053065,1.7959037780798215,-3.1343548598565953,1,
797.300000000,13.732140881372802,1.7957469605847751,-3.1343548598565953,1,
797.400000000,13.710474782214954,1.7955901430897288,-3.1343548598565953,1,
797.500000000,13.688808683057106,1.7954333255946824,-3.1343548598565953,1,
797.600000000,13.667142583899258,1.795276508099636,-3.1343548598565953,1,
797.700000000,13.64547648474141,1.7951196906045896,-3.1343548598565953,1,
797.800000000,13.623810385583562,1.7949628731095433,-3.1343548598565953,1,
797.900000000,13.602144286425714,1.794806055614497,-3.1343548598565953,1,
798.000000000,13.580478187267866,1.7946492381194505,-3.1343548598565953,1,
798.100000000,13.558812088110018,1.7944924206244042,-3.1343548598565953,1,
798.200000000,13.538812611964312,1.7943476660135922,-3.1343548598565953,1,
798.300000000,13.518813135818606,1.7942029114027802,-3.1343548598565953,1,
798.400000000,13.4988136596729,1.7940581567919682,-3.1343548598565953,1,
798.500000000,13.478814183527193,1.7939134021811562,-3.1343548598565953,1,
798.600000000,13.457148084369345,1.7937565846861099,-3.1343548598565953,1,
798.700000000,13.435481985211498,1.7935997671910635,-3.1343548598565953,1,
798.800000000,13.41381588605365,1.7934429496960171,-3.1343548598565953,1,
798.900000000,13.392149786895802,1.7932861322009708,-3.1343548598565953,1,
799.000000000,13.370483687737954,1.7931293147059244,-3.1343548598565953,1,
799.100000000,13.348817588580106,1.792972497210878,-3.1343548598565953,1,
799.200000000,13.325484866410116,1.7928036168315975,-3.1343548598565953,1,
799.300000000,13.302152144240127,1.792634736452317,-3.1343548598565953,1,
799.400000000,13.280486045082279,1.7924779189572706,-3.1343548598565953,1,
799.500000000,13.258819945924431,1.7923211014622242,-3.1343548598565953,1,
799.600000000,13.237153846766583,1.7921642839671779,-3.1343548598565953,1,
799.700000000,13.215487747608735,1.7920074664721315,-3.1343548598565953,1,
799.800000000,13.193821648450887,1.7918506489770851,-3.1343548598565953,1,
799.900000000,13.17215554929304,1.7916938314820388,-3.1343548598565953,1,
800.000000000,13.150489450135192,1.7915370139869924,-3.1343548598565953,1,
800.100000000,13.128823350977344,1.791380196491946,-3.1343548598565953,1,
800.200000000,13.108823874831637,1.791235441881134,-3.1343548598565953,1,
800.300000000,13.088824398685931,1.791090687270322,-3.1343548598565953,1,
800.400000000,13.067158299528083,1.7909338697752757,-3.1343548598565953,1,
800.500000000,13.045492200370235,1.7907770522802293,-3.1343548598565953,1,
800.600000000,13.023826101212387,1.790620234785183,-3.1343548598565953,1,
800.700000000,13.00216000205454,1.7904634172901366,-3.1343548598565953,1,
800.800000000,12.980493902896692,1.7903065997950902,-3.1343548598565953,1,
800.900000000,12.958827803738844,1.7901497823000438,-3.1343548598565953,1,
801.000000000,12.937161704580996,1.7899929648049975,-3.1343548598565953,1,
801.100000000,12.915495605423148,1.789836147309951,-3.1343548598565953,1,
801.200000000,12.8938295062653,1.7896793298149047,-3.1343548598565953,1,
801.300000000,12.872163407107452,1.7895225123198584,-3.1343548598565953,1,
801.400000000,12.850497307949604,1.789365694824812,-3.1343548598565953,1,
801.500000000,12.828831208791756,1.7892088773297656,-3.1343548598565953,1,
801.600000000,12.807165109633909,1.7890520598347193,-3.1343548598565953,1,
801.700000000,12.78549901047606,1.788895242339673,-3.1343548598565953,1,
801.800000000,12.762166288306071,1.7887263619603924,-3.1343548598565953,1,
801.900000000,12.738833566136082,1.7885574815811118,-3.1343548598565953,1,
802.000000000,12.717167466978234,1.7884006640860655,-3.1343548598565953,1,
802.100000000,12.695501367820386,1.788243846591019,-3.1343548598565953,1,
802.200000000,12.673835268662538,1.7880870290959727,-3.1343548598565953,1,
802.300000000,12.65216916950469,1.7879302116009264,-3.1343548598565953,1,
802.400000000,12.630503070346842,1.78777339410588,-3.1343548598565953,1,
802.500000000,12.608836971188994,1.7876165766108336,-3.1343548598565953,1,
802.600000000,12.588837495043288,1.7874718220000216,-3.1343548598565953,1,
802.700000000,12.568838018897582,1.7873270673892097,-3.1343548598565953,1,
802.800000000,12.547171919739734,1.7871702498941633,-3.1343548598565953,1,
802.900000000,12.525505820581886,1.787013432399117,-3.1343548598565953,1,
803.000000000,12.502173098411896,1.7868445520198364,-3.1343548598565953,1,
803.100000000,12.478840376241907,1.7866756716405559,-3.1343548598565953,1,
803.200000000,12.457174277084059,1.7865188541455095,-3.1343548598565953,1,
803.300000000,12.435508177926211,1.7863620366504631,-3.1343548598565953,1,
803.400000000,12.413842078768363,1.7862052191554167,-3.1343548598565953,1,
803.500000000,12.392175979610515,1.7860484016603704,-3.1343548598565953,1,
803.600000000,12.370509880452667,1.785891584165324,-3.1343548598565953,1,
803.700000000,12.34884378129482,1.7857347666702776,-3.1343548598565953,1,
803.800000000,12.327177682136972,1.7855779491752313,-3.1343548598565953,1,
803.900000000,12.305511582979124,1.785421131680185,-3.1343548598565953,1,
804.000000000,12.283845483821276,1.7852643141851385,-3.1343548598565953,1,
804.100000000,12.262179384663428,1.7851074966900922,-3.1343548598565953,1,
804.200000000,12.24051328550558,1.7849506791950458,-3.1343548598565953,1,
804.300000000,12.218847186347732,1.7847938616999994,-3.1343548598565953,1,
804.400000000,12.197181087189884,1.784637044204953,-3.1343548598565953,1,
804.500000000,12.175514988032036,1.7844802267099067,-3.1343548598565953,1,
804.600000000,12.15551551188633,1.7843354720990947,-3.1343548598565953,1,
804.700000000,12.135516035740624,1.7841907174882827,-3.1343548598565953,1,
804.800000000,12.115516559594917,1.7840459628774707,-3.1343548598565953,1,
804.900000000,12.095517083449211,1.7839012082666588,-3.1343548598565953,1,
805.000000000,12.073850984291363,1.7837443907716124,-3.1343548598565953,1,
805.100000000,12.052184885133515,1.783587573276566,-3.1343548598565953,1,
805.200000000,12.030518785975667,1.7834307557815197,-3.1343548598565953,1,
805.300000000,12.00885268681782,1.7832739382864733,-3.1343548598565953,1,
805.400000000,11.987186587659972,1.783117120791427,-3.1343548598565953,1,
805.500000000,11.965520488502124,1.7829603032963806,-3.1343548598565953,1,
805.600000000,11.943854389344276,1.7828034858013342,-3.1343548598565953,1,
805.700000000,11.922188290186428,1.7826466683062878,-3.1343548598565953,1,
805.800000000,11.90052219102858,1.7824898508112414,-3.1343548598565953,1,
805.900000000,11.878856091870732,1.782333033316195,-3.1343548598565953,1,
806.000000000,11.857189992712884,1.7821762158211487,-3.1343548598565953,1,
806.100000000,11.835523893555036,1.7820193983261023,-3.1343548598565953,1,
806.200000000,11.813857794397189,1.781862580831056,-3.1343548598565953,1,
806.300000000,11.79219169523934,1.7817057633360096,-3.1343548598565953,1,
806.400000000,11.770525596081493,1.7815489458409632,-3.1343548598565953,1,
806.500000000,11.748859496923645,1.7813921283459169,-3.1343548598565953,1,
806.600000000,11.727193397765797,1.7812353108508705,-3.1343548598565953,1,
806.700000000,11.705527298607949,1.7810784933558241,-3.1343548598565953,1,
806.800000000,11.683861199450101,1.7809216758607778,-3.1343548598565953,1,
806.900000000,11.662195100292253,1.7807648583657314,-3.1343548598565953,1,
807.000000000,11.640529001134405,1.780608040870685,-3.1343548598565953,1,
807.100000000,11.618862901976557,1.7804512233756387,-3.1343548598565953,1,
807.200000000,11.59719680281871,1.7802944058805923,-3.1343548598565953,1,
807.300000000,11.575530703660862,1.780137588385546,-3.1343548598565953,1,
807.400000000,11.552197981490872,1.7799687080062654,-3.1343548598565953,1,
807.500000000,11.528865259320883,1.7797998276269849,-3.1343548598565953,1,
807.600000000,11.507199160163035,1.7796430101319385,-3.1343548598565953,1,
807.700000000,11.485533061005187,1.7794861926368921,-3.1343548598565953,1,
807.800000000,11.463866961847339,1.7793293751418457,-3.1343548598565953,1,
807.900000000,11.442200862689491,1.7791725576467994,-3.1343548598565953,1,
808.000000000,11.418868140519502,1.7790036772675188,-3.1343548598565953,1,
808.100000000,11.395535418349512,1.7788347968882383,-3.1343548598565953,1,
808.200000000,11.373869319191664,1.778677979393192,-3.1343548598565953,1,
808.300000000,11.352203220033816,1.7785211618981456,-3.1343548598565953,1,
808.400000000,11.330537120875968,1.7783643444030992,-3.1343548598565953,1,
808.500000000,11.30887102171812,1.7782075269080528,-3.1343548598565953,1,
808.600000000,11.287204922560273,1.7780507094130065,-3.1343548598565953,1,
808.700000000,11.265538823402425,1.77789389191796,-3.1343548598565953,1,
808.800000000,11.243872724244577,1.7777370744229137,-3.1343548598565953,1,
808.900000000,11.222206625086729,1.7775802569278674,-3.1343548598565953,1,
809.000000000,11.202207148941023,1.7774355023170554,-3.1343548598565953,1,
809.100000000,11.182207672795316,1.7772907477062434,-3.1343548598565953,1,
809.200000000,11.16220819664961,1.7771459930954314,-3.1343548598565953,1,
809.300000000,11.142208720503904,1.7770012384846194,-3.1343548598565953,1,
809.400000000,11.12387586737034,1.7768685467580418,-3.1343548598565953,1,
809.500000000,11.105543014236778,1.7767358550314643,-3.1343548598565953,1,
809.600000000,11.08387691507893,1.7765790375364179,-3.1343548598565953,1,
809.700000000,11.062210815921082,1.7764222200413715,-3.1343548598565953,1,
809.800000000,11.042211339775376,1.7762774654305595,-3.1343548598565953,1,
809.900000000,11.02221186362967,1.7761327108197476,-3.1343548598565953,1,
810.000000000,11.002212387483963,1.7759879562089356,-3.1343548598565953,1,
810.100000000,10.982212911338257,1.7758432015981236,-3.1343548598565953,1,
810.200000000,10.96221343519255,1.7756984469873116,-3.1343548598565953,1,
810.300000000,10.942213959046844,1.7755536923764996,-3.1343548598565953,1,
810.400000000,10.922214482901138,1.7754089377656876,-3.1343548598565953,1,
810.500000000,10.902215006755432,1.7752641831548757,-3.1343548598565953,1,
810.600000000,10.883882153621869,1.775131491428298,-3.1343548598565953,1,
810.700000000,10.865549300488306,1.7749987997017205,-3.1343548598565953,1,
810.800000000,10.8455498243426,1.7748540450909085,-3.1343548598565953,1,
810.900000000,10.825550348196893,1.7747092904800965,-3.1343548598565953,1,
811.000000000,10.805550872051187,1.7745645358692845,-3.1343548598565953,1,
811.100000000,10.78555139590548,1.7744197812584726,-3.1343548598565953,1,
811.200000000,10.765551919759774,1.7742750266476606,-3.1343548598565953,1,
811.300000000,10.745552443614068,1.7741302720368486,-3.1343548598565953,1,
811.400000000,10.725552967468362,1.7739855174260366,-3.1343548598565953,1,
811.500000000,10.705553491322656,1.7738407628152246,-3.1343548598565953,1,
811.600000000,10.68555401517695,1.7736960082044126,-3.1343548598565953,1,
811.700000000,10.665554539031243,1.7735512535936007,-3.1343548598565953,1,
811.800000000,10.645555062885537,1.7734064989827887,-3.1343548598565953,1,
811.900000000,10.62555558673983,1.7732617443719767,-3.1343548598565953,1,
812.000000000,10.603889487581982,1.7731049268769303,-3.1343548598565953,1,
812.100000000,10.582223388424135,1.772948109381884,-3.1343548598565953,1,
812.200000000,10.562223912278428,1.772803354771072,-3.1343548598565953,1,
812.300000000,10.542224436132722,1.77265860016026,-3.1343548598565953,1,
812.400000000,10.522224959987016,1.772513845549448,-3.1343548598565953,1,
812.500000000,10.50222548384131,1.772369090938636,-3.1343548598565953,1,
812.600000000,10.482226007695603,1.772224336327824,-3.1343548598565953,1,
812.700000000,10.462226531549897,1.772079581717012,-3.1343548598565953,1,
812.800000000,10.44222705540419,1.7719348271062,-3.1343548598565953,1,
812.900000000,10.422227579258484,1.7717900724953881,-3.1343548598565953,1,
813.000000000,10.402228103112778,1.7716453178845761,-3.1343548598565953,1,
813.100000000,10.382228626967072,1.7715005632737642,-3.1343548598565953,1,
813.200000000,10.362229150821365,1.7713558086629522,-3.1343548598565953,1,
813.300000000,10.342229674675659,1.7712110540521402,-3.1343548598565953,1,
813.400000000,10.322230198529953,1.7710662994413282,-3.1343548598565953,1,
813.500000000,10.302230722384246,1.7709215448305162,-3.1343548598565953,1,
813.600000000,10.28223124623854,1.7707767902197042,-3.1343548598565953,1,
813.700000000,10.262231770092834,1.7706320356088923,-3.1343548598565953,1,
813.800000000,10.242232293947128,1.7704872809980803,-3.1343548598565953,1,
813.900000000,10.222232817801421,1.7703425263872683,-3.1343548598565953,1,
814.000000000,10.202233341655715,1.7701977717764563,-3.1343548598565953,1,
814.100000000,10.182233865510009,1.7700530171656443,-3.1343548598565953,1,
814.200000000,10.163901012376446,1.7699203254390667,-3.1343548598565953,1,
814.300000000,10.145568159242883,1.7697876337124891,-3.1343548598565953,1,
814.400000000,10.123902060085035,1.7696308162174428,-3.1343548598565953,1,
814.500000000,10.102235960927187,1.7694739987223964,-3.1343548598565953,1,
814.600000000,10.08223648478148,1.7693292441115844,-3.1343548598565953,1,
814.700000000,10.062237008635774,1.7691844895007725,-3.1343548598565953,1,
814.800000000,10.042237532490068,1.7690397348899605,-3.1343548598565953,1,
814.900000000,10.022238056344362,1.7688949802791485,-3.1343548598565953,1,
815.000000000,10.002238580198656,1.7687502256683365,-3.1343548598565953,1,
815.100000000,9.98223910405295,1.7686054710575245,-3.1343548598565953,1,
815.200000000,9.962239627907243,1.7684607164467125,-3.1343548598565953,1,
815.300000000,9.942240151761537,1.7683159618359006,-3.1343548598565953,1,
815.400000000,9.92224067561583,1.7681712072250886,-3.1343548598565953,1,
815.500000000,9.902241199470124,1.7680264526142766,-3.1343548598565953,1,
815.600000000,9.882241723324418,1.7678816980034646,-3.1343548598565953,1,
815.700000000,9.862242247178711,1.7677369433926526,-3.1343548598565953,1,
815.800000000,9.840576148020864,1.7675801258976063,-3.1343548598565953,1,
815.900000000,9.818910048863016,1.76742330840256,-3.1343548598565953,1,
816.000000000,9.79891057271731,1.767278553791748,-3.1343548598565953,1,
816.100000000,9.778911096571603,1.767133799180936,-3.1343548598565953,1,
816.200000000,9.758911620425897,1.766989044570124,-3.1343548598565953,1,
816.300000000,9.73891214428019,1.766844289959312,-3.1343548598565953,1,
816.400000000,9.718912668134484,1.7666995353485,-3.1343548598565953,1,
816.500000000,9.698913191988778,1.766554780737688,-3.1343548598565953,1,
816.600000000,9.678913715843072,1.766410026126876,-3.1343548598565953,1,
816.700000000,9.658914239697365,1.766265271516064,-3.1343548598565953,1,
816.800000000,9.638914763551659,1.766120516905252,-3.1343548598565953,1,
816.900000000,9.618915287405953,1.76597576229444,-3.1343548598565953,1,
817.000000000,9.598915811260246,1.765831007683628,-3.1343548598565953,1,
817.100000000,9.57891633511454,1.7656862530728161,-3.1343548598565953,1,
817.200000000,9.55558361294455,1.7655173726935356,-3.1343548598565953,1,
817.300000000,9.532250890774561,1.765348492314255,-3.1343548598565953,1,
817.400000000,9.510584791616713,1.7651916748192087,-3.1343548598565953,1,
817.500000000,9.488918692458865,1.7650348573241623,-3.1343548598565953,1,
817.600000000,9.467252593301017,1.764878039829116,-3.1343548598565953,1,
817.700000000,9.44558649414317,1.7647212223340696,-3.1343548598565953,1,
817.800000000,9.425587017997463,1.7645764677232576,-3.1343548598565953,1,
817.900000000,9.405587541851757,1.7644317131124456,-3.1343548598565953,1,
818.000000000,9.383921442693909,1.7642748956173993,-3.1343548598565953,1,
818.100000000,9.362255343536061,1.7641180781223529,-3.1343548598565953,1,
818.200000000,9.340589244378213,1.7639612606273065,-3.1343548598565953,1,
818.300000000,9.318923145220365,1.7638044431322601,-3.1343548598565953,1,
818.400000000,9.298923669074659,1.7636596885214482,-3.1343548598565953,1,
818.500000000,9.278924192928953,1.7635149339106362,-3.1343548598565953,1,
818.600000000,9.258924716783246,1.7633701792998242,-3.1343548598565953,1,
818.700000000,9.23892524063754,1.7632254246890122,-3.1343548598565953,1,
818.800000000,9.217259141479692,1.7630686071939659,-3.1343548598565953,1,
818.900000000,9.195593042321844,1.7629117896989195,-3.1343548598565953,1,
819.000000000,9.173926943163996,1.7627549722038731,-3.1343548598565953,1,
819.100000000,9.152260844006149,1.7625981547088267,-3.1343548598565953,1,
819.200000000,9.1305947448483,1.7624413372137804,-3.1343548598565953,1,
819.300000000,9.108928645690453,1.762284519718734,-3.1343548598565953,1,
819.400000000,9.070596316411184,1.7620070733813444,-3.1343548598565953,1,
819.500000000,9.032263987131914,1.7617296270439549,-3.1343548598565953,1,
819.600000000,8.995598280864787,1.7614642435907997,-3.1343548598565953,1,
819.700000000,8.95893257459766,1.7611988601376445,-3.1343548598565953,1,
819.800000000,8.922266868330532,1.7609334766844893,-3.1343548598565953,1,
819.900000000,8.885601162063404,1.760668093231334,-3.1343548598565953,1,
820.000000000,8.848935455796276,1.760402709778179,-3.1343548598565953,1,
820.100000000,8.812269749529149,1.7601373263250237,-3.1343548598565953,1,
820.200000000,8.77393742024988,1.7598598799876342,-3.1343548598565953,1,
820.300000000,8.73560509097061,1.7595824336502446,-3.1343548598565953,1,
820.400000000,8.700606007715626,1.7593291130813236,-3.1343548598565953,1,
820.500000000,8.665606924460642,1.7590757925124025,-3.1343548598565953,1,
820.600000000,8.63394108722994,1.7588465977119503,-3.1343548598565953,1,
820.700000000,8.60227524999924,1.758617402911498,-3.1343548598565953,1,
820.800000000,8.572276035780682,1.7584002709952802,-3.1343548598565953,1,
820.900000000,8.542276821562124,1.7581831390790623,-3.1343548598565953,1,
821.000000000,8.513944230355708,1.7579780700470786,-3.1343548598565953,1,
821.100000000,8.485611639149292,1.757773001015095,-3.1343548598565953,1,
821.200000000,8.458945670955018,1.7575799948673456,-3.1343548598565953,1,
821.300000000,8.432279702760743,1.7573869887195963,-3.1343548598565953,1,
821.400000000,8.40728035757861,1.7572060454560814,-3.1343548598565953,1,
821.500000000,8.382281012396477,1.7570251021925665,-3.1343548598565953,1,
821.600000000,8.358948290226488,1.756856221813286,-3.1343548598565953,1,
821.700000000,8.335615568056499,1.7566873414340054,-3.1343548598565953,1,
821.800000000,8.31394946889865,1.756530523938959,-3.1343548598565953,1,
821.900000000,8.292283369740803,1.7563737064439127,-3.1343548598565953,1,
822.000000000,8.272283893595096,1.7562289518331007,-3.1343548598565953,1,
822.100000000,8.25228441744939,1.7560841972222887,-3.1343548598565953,1,
822.200000000,8.232284941303684,1.7559394426114767,-3.1343548598565953,1,
822.300000000,8.212285465157978,1.7557946880006647,-3.1343548598565953,1,
822.400000000,8.192285989012271,1.7556499333898528,-3.1343548598565953,1,
822.500000000,8.172286512866565,1.7555051787790408,-3.1343548598565953,1,
822.600000000,8.152287036720859,1.7553604241682288,-3.1343548598565953,1,
822.700000000,8.132287560575152,1.7552156695574168,-3.1343548598565953,1,
822.800000000,8.112288084429446,1.7550709149466048,-3.1343548598565953,1,
822.900000000,8.09228860828374,1.7549261603357929,-3.1343548598565953,1,
823.000000000,8.072289132138033,1.7547814057249809,-3.1343548598565953,1,
823.100000000,8.052289655992327,1.7546366511141689,-3.1343548598565953,1,
823.200000000,8.03229017984662,1.754491896503357,-3.1343548598565953,1,
823.300000000,8.012290703700915,1.754347141892545,-3.1343548598565953,1,
823.400000000,7.992291227555209,1.754202387281733,-3.1343548598565953,1,
823.500000000,7.972291751409504,1.754057632670921,-3.1343548598565953,1,
823.600000000,7.952292275263798,1.753912878060109,-3.1343548598565953,1,
823.700000000,7.932292799118093,1.753768123449297,-3.1343548598565953,1,
823.800000000,7.9122933229723875,1.753623368838485,-3.1343548598565953,1,
823.900000000,7.892293846826682,1.753478614227673,-3.1343548598565953,1,
824.000000000,7.872294370680977,1.753333859616861,-3.1343548598565953,1,
824.100000000,7.852294894535271,1.753189105006049,-3.1343548598565953,1,
824.200000000,7.8339620414017075,1.7530564132794715,-3.1343548598565953,1,
824.300000000,7.815629188268144,1.7529237215528939,-3.1343548598565953,1,
824.400000000,7.793963089110296,1.7527669040578475,-3.1343548598565953,1,
824.500000000,7.772296989952448,1.7526100865628012,-3.1343548598565953,1,
824.600000000,7.7522975138067425,1.7524653319519892,-3.1343548598565953,1,
824.700000000,7.732298037661037,1.7523205773411772,-3.1343548598565953,1,
824.800000000,7.712298561515332,1.7521758227303652,-3.1359288939912817,1,
824.900000000,7.692298882296202,1.7520625481440042,-3.137502928125968,1,
825.000000000,7.672299049554513,1.7519807538627414,-3.1390769622606545,1,
825.100000000,7.652299112841509,1.7519304400892288,-3.140650996395341,1,
825.200000000,7.613965796503607,1.7518943432354428,3.1395174120260965,1,
825.300000000,7.5756325457139395,1.7519738941049519,3.1365005132679475,1,
825.400000000,7.537299709369149,1.75216909197371,3.1334836145097986,1,
825.500000000,7.49896763636211,1.7524799350650906,3.1304667157516497,1,
825.600000000,7.462303239091067,1.7528878777027364,3.1275809865047246,1,
825.700000000,7.425640171690446,1.7534016220185062,3.1246952572577995,1,
825.800000000,7.388978739469284,1.754021163734232,3.1218095280108744,1,
825.900000000,7.352319247722998,1.7547464976907248,3.1189237987639493,1,
826.000000000,7.313995763276661,1.7556153960367775,3.1195259868840015,1,
826.100000000,7.275671762538726,1.7564612162796278,3.1201281750040537,1,
826.200000000,7.23901354215152,1.7572481867285152,3.12070418103193,1,
826.300000000,7.202354874545902,1.7580140416921044,3.121280187059806,1,
826.400000000,7.167362094732835,1.7587249291333797,3.121830010995506,1,
826.500000000,7.132368929346126,1.7594165766002536,3.122379834931206,1,
826.600000000,7.100708107096022,1.7600249450947432,3.1228772946825534,1,
826.700000000,7.069046986124582,1.7606175635298429,3.123374754433901,1,
826.800000000,7.0390519643646385,1.7611640702731601,3.123846032093072,1,
826.900000000,7.009056688379272,1.7616964409726685,3.1243173097522434,1,
827.000000000,6.980727582805444,1.7621858847024905,3.1247624053192387,1,
827.100000000,6.952398262188528,1.7626627192249391,3.125207500886234,1,
827.200000000,6.927401618028812,1.7630723297137123,3.1256002322688765,1,
827.300000000,6.9024048149299215,1.7634721232045267,3.125992963651519,1,
827.400000000,6.879074320626153,1.763836101206973,3.1263595129419857,1,
827.500000000,6.855743694473833,1.7641915274090259,3.126726062232452,1,
827.600000000,6.8340794220980685,1.764513625023366,3.1270664294307426,1,
827.700000000,6.812415041345745,1.7648283488114995,3.127406796629033,1,
827.800000000,6.790750554726677,1.7651356987369657,3.1277471638273235,1,
827.900000000,6.769085964750692,1.7654356747641582,3.128087531025614,1,
828.000000000,6.749087788606326,1.7657057690049272,3.1284017161317283,1,
828.100000000,6.729089528589406,1.7659695801033748,3.1287159012378427,1,
828.200000000,6.709091186674007,1.7662271080334595,3.129030086343957,1,
828.300000000,6.68909276483421,1.7664783527697603,3.1293442714500714,1,
828.400000000,6.667427723394929,1.7667437277472857,3.129684638648362,1,
828.500000000,6.645762592885658,1.7670017286401263,3.1300250058466523,1,
828.600000000,6.624097375816299,1.7672523554183923,3.130365373044943,1,
828.700000000,6.602432074696763,1.767495608053049,3.1307057402432332,1,
828.800000000,6.582433259933878,1.767713342018772,3.1310199253493476,1,
828.900000000,6.562434377749289,1.7679247926441135,3.131334110455462,1,
829.000000000,6.544102009086479,1.7681128626361933,3.1316221134694,1,
829.100000000,6.525769587019241,1.7682956528431186,3.1319101164833376,1,
829.200000000,6.504103935986158,1.7685054378691116,3.132250483681628,1,
829.300000000,6.482438214804116,1.768707848606154,3.1325908508799185,1,
829.400000000,6.462439025123165,1.768887882228901,3.132905035986033,1,
829.500000000,6.442439779865414,1.7690616323953332,3.1332192210921472,1,
829.600000000,6.422440481005036,1.7692290990882997,3.1335334061982616,1,
829.700000000,6.4024411305162054,1.7693902822912695,3.133847591304376,1,
829.800000000,6.382441730373105,1.7695451819883317,3.1341617764104903,1,
829.900000000,6.362442282549921,1.7696937981641958,3.1344759615166047,1,
830.000000000,6.342442789020844,1.7698361308041917,3.134790146622719,1,
830.100000000,6.32244325176007,1.7699721798942694,3.1351043317288334,1,
830.200000000,6.302443672741799,1.770101945420999,3.1354185168349478,1,
830.300000000,6.282444053940235,1.7702254273715712,3.135732701941062,1,
830.400000000,6.262444397329586,1.7703426257337966,3.1360468870471765,1,
830.500000000,6.242444704884063,1.7704535404961066,3.136361072153291,1,
830.600000000,6.222444978577882,1.7705581716475525,3.136675257259405,1,
830.700000000,6.202445220385262,1.7706565191778056,3.1369894423655196,1,
830.800000000,6.182445432280423,1.770748583077158,3.137303627471634,1,
830.900000000,6.162445616237592,1.770834363336522,3.1376178125777483,1,
831.000000000,6.142445774230994,1.77091385994743,3.1379319976838627,1,
831.100000000,6.1224459082348615,1.7709870729020345,3.138246182789977,1,
831.200000000,6.102446020223425,1.7710540021931087,3.1385603678960914,1,
831.300000000,6.08244611217092,1.7711146478140456,3.1388745530022057,1,
831.400000000,6.062446186051583,1.771169009758859,3.13918873810832,1,
831.500000000,6.042446243839652,1.7712170880221827,3.1395029232144345,1,
831.600000000,6.022446287509366,1.7712588825992706,3.139817108320549,1,
831.700000000,6.002446319034968,1.771294393485997,3.140131293426663,1,
831.800000000,5.980779675503677,1.7713260562782618,3.1404716606249536,1,
831.900000000,5.959113022450449,1.7713503444540797,3.140812027823244,1,
832.000000000,5.939113028544215,1.771365956967825,3.140812027823244,1,
832.100000000,5.919113034637981,1.7713815694815704,3.140812027823244,1,
832.200000000,5.899113040731747,1.7713971819953158,3.140812027823244,1,
832.300000000,5.879113046825513,1.7714127945090612,3.140812027823244,1,
832.400000000,5.8591130529192785,1.7714284070228066,3.140812027823244,1,
832.500000000,5.8391130590130444,1.771444019536552,3.140812027823244,1,
832.600000000,5.81911306510681,1.7714596320502973,3.140812027823244,1,
832.700000000,5.799113071200576,1.7714752445640427,3.140812027823244,1,
832.800000000,5.779113077294342,1.771490857077788,3.140812027823244,1,
832.900000000,5.759113083388108,1.7715064695915335,3.140812027823244,1,
833.000000000,5.739113089481874,1.7715220821052788,3.140812027823244,1,
833.100000000,5.71911309557564,1.7715376946190242,3.140812027823244,1,
833.200000000,5.697446435510552,1.7715546081755817,3.140812027823244,1,
833.300000000,5.675779775445465,1.7715715217321393,3.140812027823244,1,
833.400000000,5.6557797815392306,1.7715871342458847,3.140812027823244,1,
833.500000000,5.6357797876329965,1.77160274675963,3.140812027823244,1,
833.600000000,5.615779793726762,1.7716183592733754,3.140812027823244,1,
833.700000000,5.595779799820528,1.7716339717871208,3.140812027823244,1,
833.800000000,5.575779805914294,1.7716495843008662,3.140812027823244,1,
833.900000000,5.55577981200806,1.7716651968146115,3.140812027823244,1,
834.000000000,5.535779818101826,1.771680809328357,3.140812027823244,1,
834.100000000,5.515779824195592,1.7716964218421023,3.140812027823244,1,
834.200000000,5.495779830289358,1.7717120343558477,3.140812027823244,1,
834.300000000,5.475779836383124,1.771727646869593,3.140812027823244,1,
834.400000000,5.45577984247689,1.7717432593833384,3.140812027823244,1,
834.500000000,5.435779848570656,1.7717588718970838,3.140812027823244,1,
834.600000000,5.415779854664422,1.7717744844108292,3.140812027823244,1,
834.700000000,5.3957798607581875,1.7717900969245746,3.140812027823244,1,
834.800000000,5.375779866851953,1.77180570943832,3.140812027823244,1,
834.900000000,5.355779872945719,1.7718213219520653,3.140812027823244,1,
835.000000000,5.335779879039485,1.7718369344658107,3.140812027823244,1,
835.100000000,5.315779885133251,1.771852546979556,3.140812027823244,1,
835.200000000,5.295779891227017,1.7718681594933015,3.140812027823244,1,
835.300000000,5.275779897320783,1.7718837720070468,3.140812027823244,1,
835.400000000,5.255779903414549,1.7718993845207922,3.140812027823244,1,
835.500000000,5.235779909508315,1.7719149970345376,3.140812027823244,1,
835.600000000,5.2174465817609335,1.7719293085054708,3.140812027823244,1,
835.700000000,5.199113254013552,1.771943619976404,3.140812027823244,1,
835.800000000,5.179113260107318,1.7719592324901494,3.140812027823244,1,
835.900000000,5.159113266201084,1.7719748450038948,3.140812027823244,1,
836.000000000,5.13911327229485,1.7719904575176402,3.140812027823244,1,
836.100000000,5.119113278388616,1.7720060700313855,3.140812027823244,1,
836.200000000,5.099113284482382,1.772021682545131,3.140812027823244,1,
836.300000000,5.079113290576148,1.7720372950588763,3.140812027823244,1,
836.400000000,5.0591132966699135,1.7720529075726217,3.140812027823244,1,
836.500000000,5.039113302763679,1.772068520086367,3.140812027823244,1,
836.600000000,5.019113308857445,1.7720841326001124,3.140812027823244,1,
836.700000000,4.999113314951211,1.7720997451138578,3.140812027823244,1,
836.800000000,4.979113321044977,1.7721153576276032,3.140812027823244,1,
836.900000000,4.959113327138743,1.7721309701413486,3.140812027823244,1,
837.000000000,4.939113333232509,1.772146582655094,3.140812027823244,1,
837.100000000,4.919113339326275,1.7721621951688393,3.140812027823244,1,
837.200000000,4.899113345420041,1.7721778076825847,3.140812027823244,1,
837.300000000,4.879113351513807,1.77219342019633,3.140812027823244,1,
837.400000000,4.859113357607573,1.7722090327100755,3.140812027823244,1,
837.500000000,4.839113363701339,1.7722246452238208,3.140812027823244,1,
837.600000000,4.817446703636251,1.7722415587803784,3.140812027823244,1,
837.700000000,4.795780043571163,1.772258472336936,3.140812027823244,1,
837.800000000,4.775780049664929,1.7722740848506813,3.140812027823244,1,
837.900000000,4.755780055758695,1.7722896973644267,3.140812027823244,1,
838.000000000,4.7341133956936075,1.7723066109209842,3.140812027823244,1,
838.100000000,4.71244673562852,1.7723235244775417,3.140812027823244,1,
838.200000000,4.692446741722286,1.772339136991287,3.140812027823244,1,
838.300000000,4.672446747816052,1.7723547495050325,3.140812027823244,1,
838.400000000,4.650780087750964,1.77237166306159,3.140812027823244,1,
838.500000000,4.629113427685876,1.7723885766181475,3.140812027823244,1,
838.600000000,4.607446767620789,1.772405490174705,3.140812027823244,1,
838.700000000,4.585780107555701,1.7724224037312626,3.140812027823244,1,
838.800000000,4.564113447490613,1.7724393172878201,3.140812027823244,1,
838.900000000,4.542446787425526,1.7724562308443776,3.140812027823244,1,
839.000000000,4.520780127360438,1.7724731444009352,3.140812027823244,1,
839.100000000,4.49911346729535,1.7724900579574927,3.140812027823244,1,
839.200000000,4.477446807230263,1.7725069715140502,3.140812027823244,1,
839.300000000,4.455780147165175,1.7725238850706078,3.140812027823244,1,
839.400000000,4.434113487100087,1.7725407986271653,3.140812027823244,1,
839.500000000,4.412446827035,1.7725577121837228,3.140812027823244,1,
839.600000000,4.390780166969912,1.7725746257402804,3.140812027823244,1,
839.700000000,4.369113506904824,1.7725915392968379,3.140812027823244,1,
839.800000000,4.34911351299859,1.7726071518105833,3.140812027823244,1,
839.900000000,4.329113519092356,1.7726227643243286,3.140812027823244,1,
840.000000000,4.309113525186122,1.772638376838074,3.140812027823244,1,
840.100000000,4.289113531279888,1.7726539893518194,3.140812027823244,1,
840.200000000,4.2674468712148,1.772670902908377,3.140812027823244,1,
840.300000000,4.245780211149713,1.7726878164649345,3.140812027823244,1,
840.400000000,4.224113551084625,1.772704730021492,3.140812027823244,1,
840.500000000,4.202446891019537,1.7727216435780495,3.140812027823244,1,
840.600000000,4.18078023095445,1.772738557134607,3.140812027823244,1,
840.700000000,4.159113570889362,1.7727554706911646,3.140812027823244,1,
840.800000000,4.137446910824274,1.772772384247722,3.140812027823244,1,
840.900000000,4.115780250759187,1.7727892978042796,3.140812027823244,1,
841.000000000,4.094113590694099,1.7728062113608372,3.140812027823244,1,
841.100000000,4.072446930629011,1.7728231249173947,3.140812027823244,1,
841.200000000,4.050780270563924,1.7728400384739522,3.140812027823244,1,
841.300000000,4.029113610498836,1.7728569520305097,3.140812027823244,1,
841.400000000,4.007446950433748,1.7728738655870673,3.140812027823244,1,
841.500000000,3.985780290368661,1.7728907791436248,3.140812027823244,1,
841.600000000,3.9657802964624267,1.7729063916573702,3.140812027823244,1,
841.700000000,3.945780302556192,1.7729220041711156,3.140812027823244,1,
841.800000000,3.9257803086499576,1.772937616684861,3.140812027823244,1,
841.900000000,3.905780314743723,1.7729532291986063,3.140812027823244,1,
842.000000000,3.884113654678636,1.7729701427551638,3.140812027823244,1,
842.100000000,3.8624469946135487,1.7729870563117214,3.140812027823244,1,
842.200000000,3.8407803345484615,1.773003969868279,3.140812027823244,1,
842.300000000,3.8191136744833742,1.7730208834248364,3.140812027823244,1,
842.400000000,3.797447014418287,1.773037796981394,3.140812027823244,1,
842.500000000,3.7757803543532,1.7730547105379515,3.140812027823244,1,
842.600000000,3.7541136942881126,1.773071624094509,3.140812027823244,1,
842.700000000,3.7324470342230254,1.7730885376510666,3.140812027823244,1,
842.800000000,3.710780374157938,1.773105451207624,3.140812027823244,1,
842.900000000,3.689113714092851,1.7731223647641816,3.140812027823244,1,
843.000000000,3.6674470540277637,1.7731392783207391,3.140812027823244,1,
843.100000000,3.6457803939626765,1.7731561918772967,3.140812027823244,1,
843.200000000,3.6241137338975893,1.7731731054338542,3.140812027823244,1,
843.300000000,3.602447073832502,1.7731900189904117,3.140812027823244,1,
843.400000000,3.580780413767415,1.7732069325469693,3.140812027823244,1,
843.500000000,3.5591137537023276,1.7732238461035268,3.140812027823244,1,
843.600000000,3.5374470936372404,1.7732407596600843,3.140812027823244,1,
843.700000000,3.515780433572153,1.7732576732166418,3.140812027823244,1,
843.800000000,3.4957804396659187,1.7732732857303872,3.140812027823244,1,
843.900000000,3.475780445759684,1.7732888982441326,3.140812027823244,1,
844.000000000,3.454113785694597,1.7733058118006901,3.140812027823244,1,
844.100000000,3.4324471256295097,1.7733227253572477,3.140812027823244,1,
844.200000000,3.4107804655644225,1.7733396389138052,3.140812027823244,1,
844.300000000,3.3891138054993353,1.7733565524703627,3.140812027823244,1,
844.400000000,3.367447145434248,1.7733734660269203,3.140812027823244,1,
844.500000000,3.345780485369161,1.7733903795834778,3.140812027823244,1,
844.600000000,3.3241138253040736,1.7734072931400353,3.140812027823244,1,
844.700000000,3.3024471652389864,1.7734242066965928,3.140812027823244,1,
844.800000000,3.280780505173899,1.7734411202531504,3.140812027823244,1,
844.900000000,3.259113845108812,1.773458033809708,3.140812027823244,1,
845.000000000,3.2374471850437248,1.7734749473662654,3.140812027823244,1,
845.100000000,3.2157805249786375,1.773491860922823,3.140812027823244,1,
845.200000000,3.1941138649135503,1.7735087744793805,3.140812027823244,1,
845.300000000,3.172447204848463,1.773525688035938,3.140812027823244,1,
845.400000000,3.150780544783376,1.7735426015924955,3.140812027823244,1,
845.500000000,3.1291138847182887,1.773559515149053,3.140812027823244,1,
845.600000000,3.109113890812054,1.7735751276627985,3.140812027823244,1,
845.700000000,3.0891138969058196,1.7735907401765438,3.140812027823244,1,
845.800000000,3.0674472368407324,1.7736076537331014,3.140812027823244,1,
845.900000000,3.045780576775645,1.773624567289659,3.140812027823244,1,
846.000000000,3.0257805828694107,1.7736401798034043,3.140812027823244,1,
846.100000000,3.005780588963176,1.7736557923171496,3.140812027823244,1,
846.200000000,2.9824472627392358,1.773674006916519,3.140812027823244,1,
846.300000000,2.9591139365152954,1.7736922215158886,3.140812027823244,1,
846.400000000,2.937447276450208,1.773709135072446,3.140812027823244,1,
846.500000000,2.915780616385121,1.7737260486290036,3.140812027823244,1,
846.600000000,2.8941139563200338,1.7737429621855612,3.140812027823244,1,
846.700000000,2.8724472962549465,1.7737598757421187,3.140812027823244,1,
846.800000000,2.8507806361898593,1.7737767892986762,3.140812027823244,1,
846.900000000,2.829113976124772,1.7737937028552337,3.140812027823244,1,
847.000000000,2.807447316059685,1.7738106164117913,3.140812027823244,1,
847.100000000,2.7857806559945977,1.7738275299683488,3.140812027823244,1,
847.200000000,2.7641139959295105,1.7738444435249063,3.140812027823244,1,
847.300000000,2.7424473358644232,1.7738613570814639,3.140812027823244,1,
847.400000000,2.720780675799336,1.7738782706380214,3.140812027823244,1,
847.500000000,2.699114015734249,1.773895184194579,3.140812027823244,1,
847.600000000,2.6791140218280143,1.7739107967083243,3.140812027823244,1,
847.700000000,2.6591140279217798,1.7739264092220697,3.140812027823244,1,
847.800000000,2.6374473678566925,1.7739433227786272,3.140812027823244,1,
847.900000000,2.6157807077916053,1.7739602363351847,3.140812027823244,1,
848.000000000,2.594114047726518,1.7739771498917423,3.140812027823244,1,
848.100000000,2.572447387661431,1.7739940634482998,3.140812027823244,1,
848.200000000,2.5507807275963437,1.7740109770048573,3.140812027823244,1,
848.300000000,2.5291140675312564,1.7740278905614149,3.140812027823244,1,
848.400000000,2.5074474074661692,1.7740448041179724,3.140812027823244,1,
848.500000000,2.485780747401082,1.77406171767453,3.140812027823244,1,
848.600000000,2.464114087335995,1.7740786312310874,3.140812027823244,1,
848.700000000,2.4424474272709076,1.774095544787645,3.140812027823244,1,
848.800000000,2.4207807672058204,1.7741124583442025,3.140812027823244,1,
848.900000000,2.399114107140733,1.77412937190076,3.140812027823244,1,
849.000000000,2.3791141132344986,1.7741449844145054,3.140812027823244,1,
849.100000000,2.359114119328264,1.7741605969282508,3.140812027823244,1,
849.200000000,2.337447459263177,1.7741775104848083,3.140812027823244,1,
849.300000000,2.3157807991980897,1.7741944240413658,3.140812027823244,1,
849.400000000,2.2941141391330024,1.7742113375979234,3.140812027823244,1,
849.500000000,2.272447479067915,1.774228251154481,3.140812027823244,1,
849.600000000,2.2524474851616807,1.7742438636682263,3.140812027823244,1,
849.700000000,2.232447491255446,1.7742594761819717,3.140812027823244,1,
849.800000000,2.2124474973492116,1.774275088695717,3.140812027823244,1,
849.900000000,2.192447503442977,1.7742907012094624,3.140812027823244,1,
850.000000000,2.17078084337789,1.77430761476602,3.140812027823244,1,
850.100000000,2.1491141833128027,1.7743245283225775,3.140812027823244,1,
850.200000000,2.1274475232477155,1.774341441879135,3.140812027823244,1,
850.300000000,2.1057808631826282,1.7743583554356925,3.140812027823244,1,
850.400000000,2.084114203117541,1.77437526899225,3.140812027823244,1,
850.500000000,2.062447543052454,1.7743921825488076,3.140812027823244,1,
850.600000000,2.0407808829873666,1.7744090961053651,3.140812027823244,1,
850.700000000,2.0191142229222794,1.7744260096619227,3.140812027823244,1,
850.800000000,1.9974475628571922,1.7744429232184802,3.140812027823244,1,
850.900000000,1.975780902792105,1.7744598367750377,3.140812027823244,1,
851.000000000,1.9541142427270177,1.7744767503315952,3.140812027823244,1,
851.100000000,1.9324475826619305,1.7744936638881528,3.140812027823244,1,
851.200000000,1.9107809225968433,1.7745105774447103,3.140812027823244,1,
851.300000000,1.889114262531756,1.7745274910012678,3.140812027823244,1,
851.400000000,1.8691142686255215,1.7745431035150132,3.140812027823244,1,
851.500000000,1.849114274719287,1.7745587160287586,3.140812027823244,1,
851.600000000,1.8291142808130525,1.774574328542504,3.140812027823244,1,
851.700000000,1.809114286906818,1.7745899410562493,3.140812027823244,1,
851.800000000,1.7874476268417308,1.7746068546128069,3.140812027823244,1,
851.900000000,1.7657809667766435,1.7746237681693644,3.140812027823244,1,
852.000000000,1.7441143067115563,1.774640681725922,3.140812027823244,1,
852.100000000,1.722447646646469,1.7746575952824795,3.140812027823244,1,
852.200000000,1.7007809865813819,1.774674508839037,3.140812027823244,1,
852.300000000,1.6791143265162947,1.7746914223955945,3.140812027823244,1,
852.400000000,1.6574476664512074,1.774708335952152,3.140812027823244,1,
852.500000000,1.6357810063861202,1.7747252495087096,3.140812027823244,1,
852.600000000,1.614114346321033,1.774742163065267,3.140812027823244,1,
852.700000000,1.5924476862559458,1.7747590766218246,3.140812027823244,1,
852.800000000,1.5707810261908586,1.7747759901783822,3.140812027823244,1,
852.900000000,1.5491143661257714,1.7747929037349397,3.140812027823244,1,
853.000000000,1.5274477060606841,1.7748098172914972,3.140812027823244,1,
853.100000000,1.505781045995597,1.7748267308480548,3.140812027823244,1,
853.200000000,1.4841143859305097,1.7748436444046123,3.140812027823244,1,
853.300000000,1.4624477258654225,1.7748605579611698,3.140812027823244,1,
853.400000000,1.442447731959188,1.7748761704749152,3.140812027823244,1,
853.500000000,1.4224477380529534,1.7748917829886606,3.140812027823244,1,
853.600000000,1.4041144103055718,1.7749060944595938,3.140812027823244,1,
853.700000000,1.3857810825581902,1.774920405930527,3.140812027823244,1,
853.800000000,1.3657810886519557,1.7749360184442724,3.140812027823244,1,
853.900000000,1.3457810947457212,1.7749516309580178,3.140812027823244,1,
854.000000000,1.3257811008394866,1.7749672434717632,3.140812027823244,1,
854.100000000,1.3057811069332521,1.7749828559855085,3.140812027823244,1,
854.200000000,1.2857811130270176,1.774998468499254,3.140812027823244,1,
854.300000000,1.265781119120783,1.7750140810129993,3.140812027823244,1,
854.400000000,1.2457811252145485,1.7750296935267447,3.140812027823244,1,
854.500000000,1.225781131308314,1.77504530604049,3.140812027823244,1,
854.600000000,1.2057811374020795,1.7750609185542354,3.140812027823244,1,
854.700000000,1.185781143495845,1.7750765310679808,3.140812027823244,1,
854.800000000,1.1674478157484633,1.775090842538914,3.140812027823244,1,
854.900000000,1.1491144880010817,1.7751051540098473,3.140812027823244,1,
855.000000000,1.1291144940948472,1.7751207665235926,3.140812027823244,1,
855.100000000,1.1091145001886127,1.775136379037338,3.140812027823244,1,
855.200000000,1.0891145062823782,1.7751519915510834,3.140812027823244,1,
855.300000000,1.0691145123761436,1.7751676040648288,3.140812027823244,1,
855.400000000,1.049114518469909,1.7751832165785741,3.140812027823244,1,
855.500000000,1.0291145245636746,1.7751988290923195,3.140812027823244,1,
855.600000000,1.00911453065744,1.775214441606065,3.140812027823244,1,
855.700000000,0.9891145367512056,1.7752300541198103,3.140812027823244,1,
855.800000000,0.9691145428449712,1.7752456666335557,3.140812027823244,1,
855.900000000,0.9491145489387368,1.775261279147301,3.140812027823244,1,
856.000000000,0.9291145550325024,1.7752768916610464,3.140812027823244,1,
856.100000000,0.909114561126268,1.7752925041747918,3.140812027823244,1,
856.200000000,0.8891145672200336,1.7753081166885372,3.140812027823244,1,
856.300000000,0.8691145733137992,1.7753237292022825,3.140812027823244,1,
856.400000000,0.8491145794075647,1.775339341716028,3.140812027823244,1,
856.500000000,0.8291145855013303,1.7753549542297733,3.140812027823244,1,
856.600000000,0.8091145915950959,1.7753705667435187,3.140812027823244,1,
856.700000000,0.7891145976888615,1.775386179257264,3.140812027823244,1,
856.800000000,0.7691146037826271,1.7754017917710094,3.140812027823244,1,
856.900000000,0.7491146098763927,1.7754174042847548,3.140812027823244,1,
857.000000000,0.7291146159701583,1.7754330167985002,3.140812027823244,1,
857.100000000,0.7091146220639238,1.7754486293122456,3.140812027823244,1,
857.200000000,0.6907812943165422,1.7754629407831788,3.140812027823244,1,
857.300000000,0.6724479665691606,1.775477252254112,3.140812027823244,1,
857.400000000,0.6524479726629262,1.7754928647678574,3.140812027823244,1,
857.500000000,0.6324479787566918,1.7755084772816028,3.140812027823244,1,
857.600000000,0.6124479848504574,1.7755240897953481,3.140812027823244,1,
857.700000000,0.592447990944223,1.7755397023090935,3.140812027823244,1,
857.800000000,0.5724479970379885,1.775555314822839,3.140812027823244,1,
857.900000000,0.5524480031317541,1.7755709273365843,3.140812027823244,1,
858.000000000,0.5324480092255197,1.7755865398503297,3.140812027823244,1,
858.100000000,0.5124480153192853,1.775602152364075,3.140812027823244,1,
858.200000000,0.4924480214130509,1.7756177648778204,3.140812027823244,1,
858.300000000,0.47244802750681647,1.7756333773915658,3.140812027823244,1,
858.400000000,0.44578136896517057,1.7756541940765596,3.140812027823244,1,
858.500000000,0.41911471042352466,1.7756750107615533,3.140812027823244,1,
858.600000000,0.39244805188187876,1.775695827446547,3.140812027823244,1,
858.700000000,0.36578139334023285,1.7757166441315408,3.140812027823244,1,
858.800000000,0.33911473479858695,1.7757374608165346,3.140812027823244,1,
858.900000000,0.31244807625694104,1.7757582775015284,3.140812027823244,1,
859.000000000,0.28578141771529514,1.7757790941865221,3.140812027823244,1,
859.100000000,0.25911475917364923,1.775799910871516,3.140812027823244,1,
859.200000000,0.22578143599659184,1.775825931727758,3.140812027823244,1,
859.300000000,0.19244811281953444,1.7758519525840002,3.140812027823244,1,
859.400000000,0.15911478964247705,1.7758779734402423,3.140812027823244,1,
859.500000000,0.12578146646541966,1.7759039942964845,3.140812027823244,1,
859.600000000,0.09411480944721513,1.7759287141099147,3.140812027823244,1,
859.700000000,0.06244815242901061,1.775953433923345,3.140812027823244,1,
859.800000000,0.03078149541080609,1.7759781537367751,3.140812027823244,1,
859.900000000,-0.0008851616073984325,1.7760028735502054,3.140812027823244,1,
860.000000000,-0.032551818625602955,1.7760275933636356,3.140812027823244,1,
860.100000000,-0.06421847564380748,1.7760523131770658,3.140812027823244,1,
860.200000000,-0.095885132662012,1.776077032990496,3.140812027823244,1,
860.300000000,-0.12755178968021652,1.7761017528039262,3.140812027823244,1,
860.400000000,-0.15921844669842106,1.7761264726173565,3.140812027823244,1,
860.500000000,-0.1908851037166256,1.7761511924307867,3.140812027823244,1,
860.600000000,-0.22255176073483013,1.776175912244217,3.140812027823244,1,
860.700000000,-0.25421841775303466,1.776200632057647,3.140812027823244,1,
860.800000000,-0.28755174093009206,1.7762266529138893,3.140812027823244,1,
860.900000000,-0.32088506410714945,1.7762526737701314,3.140812027823244,1,
861.000000000,-0.352551721125354,1.7762773935835616,3.140812027823244,1,
861.100000000,-0.3842183781435585,1.7763021133969918,3.140812027823244,1,
861.200000000,-0.41588503516176306,1.776326833210422,3.140812027823244,1,
861.300000000,-0.4475516921799676,1.7763515530238523,3.140812027823244,1,
861.400000000,-0.47921834919817213,1.7763762728372825,3.140812027823244,1,
861.500000000,-0.5108850062163767,1.7764009926507127,3.140812027823244,1,
861.600000000,-0.5425516632345811,1.776425712464143,3.140812027823244,1,
861.700000000,-0.5742183202527856,1.7764504322775732,3.140812027823244,1,
861.800000000,-0.6058849772709901,1.7764751520910034,3.140812027823244,1,
861.900000000,-0.6375516342891946,1.7764998719044336,3.140812027823244,1,
862.000000000,-0.6692182913073991,1.7765245917178638,3.140812027823244,1,
862.100000000,-0.7008849483256036,1.776549311531294,3.140812027823244,1,
862.200000000,-0.734218271502661,1.7765753323875362,3.140812027823244,1,
862.300000000,-0.7675515946797183,1.7766013532437783,3.140812027823244,1,
862.400000000,-0.7992182516979228,1.7766260730572085,3.140812027823244,1,
862.500000000,-0.8308849087161273,1.7766507928706388,3.140812027823244,1,
862.600000000,-0.8642182318931847,1.776676813726881,3.140812027823244,1,
862.700000000,-0.8975515550702421,1.776702834583123,3.140812027823244,1,
862.800000000,-0.9308848782472995,1.7767288554393652,3.140812027823244,1,
862.900000000,-0.9642182014243569,1.7767548762956074,3.140812027823244,1,
863.000000000,-0.9958848584425614,1.7767795961090376,3.140812027823244,1,
863.100000000,-1.027551515460766,1.7768043159224678,3.140812027823244,1,
863.200000000,-1.0575515063201175,1.7768277346930859,3.140812027823244,1,
863.300000000,-1.087551497179469,1.776851153463704,3.140812027823244,1,
863.400000000,-1.1192181541976736,1.7768758732771341,3.140812027823244,1,
863.500000000,-1.150884811215878,1.7769005930905644,3.140812027823244,1,
863.600000000,-1.1825514682340825,1.7769253129039946,3.140812027823244,1,
863.700000000,-1.214218125252287,1.7769500327174248,3.140812027823244,1,
863.800000000,-1.2458847822704915,1.776974752530855,3.140812027823244,1,
863.900000000,-1.277551439288696,1.7769994723442852,3.140812027823244,1,
864.000000000,-1.3092180963069004,1.7770241921577155,3.140812027823244,1,
864.100000000,-1.340884753325105,1.7770489119711457,3.140812027823244,1,
864.200000000,-1.3725514103433094,1.777073631784576,3.140812027823244,1,
864.300000000,-1.4042180673615139,1.777098351598006,3.140812027823244,1,
864.400000000,-1.4358847243797184,1.7771230714114363,3.140812027823244,1,
864.500000000,-1.4675513813979228,1.7771477912248665,3.140812027823244,1,
864.600000000,-1.4992180384161273,1.7771725110382968,3.140812027823244,1,
864.700000000,-1.5308846954343318,1.777197230851727,3.140812027823244,1,
864.800000000,-1.5625513524525363,1.7772219506651572,3.140812027823244,1,
864.900000000,-1.5942180094707408,1.7772466704785874,3.140812027823244,1,
865.000000000,-1.6275513326477982,1.7772726913348296,3.140812027823244,1,
865.100000000,-1.6608846558248556,1.7772987121910717,3.140812027823244,1,
865.200000000,-1.694217979001913,1.7773247330473139,3.140812027823244,1,
865.300000000,-1.7275513021789703,1.777350753903556,3.140812027823244,1,
865.400000000,-1.7592179591971748,1.7773754737169862,3.140812027823244,1,
865.500000000,-1.7908846162153793,1.7774001935304165,3.140812027823244,1,
865.600000000,-1.8242179393924367,1.7774262143866586,3.140812027823244,1,
865.700000000,-1.857551262569494,1.7774522352429007,3.140812027823244,1,
865.800000000,-1.8892179195876986,1.777476955056331,3.140812027823244,1,
865.900000000,-1.920884576605903,1.7775016748697612,3.140812027823244,1,
866.000000000,-1.9525512336241075,1.7775263946831914,3.140812027823244,1,
866.100000000,-1.984217890642312,1.7775511144966216,3.140812027823244,1,
866.200000000,-2.0175512138193694,1.7775771353528638,3.140812027823244,1,
866.300000000,-2.050884536996427,1.777603156209106,3.140812027823244,1,
866.400000000,-2.0825511940146315,1.7776278760225361,3.140812027823244,1,
866.500000000,-2.114217851032836,1.7776525958359664,3.140812027823244,1,
866.600000000,-2.1475511742098936,1.7776786166922085,3.140812027823244,1,
866.700000000,-2.180884497386951,1.7777046375484507,3.140812027823244,1,
866.800000000,-2.2142178205640084,1.7777306584046928,3.140812027823244,1,
866.900000000,-2.247551143741066,1.777756679260935,3.140812027823244,1,
867.000000000,-2.2792178007592705,1.7777813990743652,3.140812027823244,1,
867.100000000,-2.310884457777475,1.7778061188877954,3.140812027823244,1,
867.200000000,-2.3442177809545326,1.7778321397440375,3.140812027823244,1,
867.300000000,-2.37755110413159,1.7778581606002797,3.140812027823244,1,
867.400000000,-2.4108844273086474,1.7778841814565218,3.140812027823244,1,
867.500000000,-2.4442177504857048,1.777910202312764,3.140812027823244,1,
867.600000000,-2.4758844075039095,1.7779349221261942,3.140812027823244,1,
867.700000000,-2.507551064522114,1.7779596419396244,3.140812027823244,1,
867.800000000,-2.539217721540319,1.7779843617530546,3.140812027823244,1,
867.900000000,-2.5708843785585236,1.7780090815664849,3.140812027823244,1,
868.000000000,-2.6025510355767283,1.778033801379915,3.140812027823244,1,
868.100000000,-2.634217692594933,1.7780585211933453,3.140812027823244,1,
868.200000000,-2.6658843496131377,1.7780832410067755,3.140812027823244,1,
868.300000000,-2.6975510066313424,1.7781079608202057,3.140812027823244,1,
868.400000000,-2.729217663649547,1.778132680633636,3.140812027823244,1,
868.500000000,-2.760884320667752,1.7781574004470662,3.140812027823244,1,
868.600000000,-2.794217643844809,1.7781834213033083,3.140812027823244,1,
868.700000000,-2.8275509670218666,1.7782094421595505,3.140812027823244,1,
868.800000000,-2.8592176240400713,1.7782341619729807,3.140812027823244,1,
868.900000000,-2.890884281058276,1.778258881786411,3.140812027823244,1,
869.000000000,-2.9225509380764807,1.7782836015998411,3.140812027823244,1,
869.100000000,-2.9542175950946854,1.7783083214132713,3.140812027823244,1,
869.200000000,-2.98588425211289,1.7783330412267015,3.140812027823244,1,
869.300000000,-3.017550909131095,1.7783577610401318,3.140812027823244,1,
869.400000000,-3.0492175661492995,1.778382480853562,3.140812027823244,1,
869.500000000,-3.080884223167504,1.7784072006669922,3.140812027823244,1,
869.600000000,-3.1142175463445616,1.7784332215232344,3.140812027823244,1,
869.700000000,-3.147550869521619,1.7784592423794765,3.140812027823244,1,
869.800000000,-3.1792175265398237,1.7784839621929067,3.140812027823244,1,
869.900000000,-3.2108841835580284,1.778508682006337,3.140812027823244,1,
870.000000000,-3.242550840576233,1.7785334018197672,3.140812027823244,1,
870.100000000,-3.274217497594438,1.7785581216331974,3.140812027823244,1,
870.200000000,-3.3058841546126425,1.7785828414466276,3.140812027823244,1,
870.300000000,-3.337550811630847,1.7786075612600578,3.140812027823244,1,
870.400000000,-3.369217468649052,1.778632281073488,3.140812027823244,1,
870.500000000,-3.4008841256672566,1.7786570008869182,3.140812027823244,1,
870.600000000,-3.434217448844314,1.7786830217431604,3.140812027823244,1,
870.700000000,-3.4675507720213714,1.7787090425994025,3.140812027823244,1,
870.800000000,-3.500884095198429,1.7787350634556447,3.140812027823244,1,
870.900000000,-3.534217418375486,1.7787610843118868,3.140812027823244,1,
871.000000000,-3.565884075393691,1.778785804125317,3.140812027823244,1,
871.100000000,-3.5975507324118956,1.7788105239387473,3.140812027823244,1,
871.200000000,-3.630884055588953,1.7788365447949894,3.140812027823244,1,
871.300000000,-3.6642173787660104,1.7788625656512316,3.140812027823244,1,
871.400000000,-3.697550701943068,1.7788885865074737,3.140812027823244,1,
871.500000000,-3.730884025120125,1.7789146073637159,3.140812027823244,1,
871.600000000,-3.76255068213833,1.778939327177146,3.140812027823244,1,
871.700000000,-3.7942173391565346,1.7789640469905763,3.140812027823244,1,
871.800000000,-3.827550662333592,1.7789900678468185,3.140812027823244,1,
871.900000000,-3.8608839855106494,1.7790160887030606,3.140812027823244,1,
872.000000000,-3.892550642528854,1.7790408085164908,3.140812027823244,1,
872.100000000,-3.924217299547059,1.779065528329921,3.140812027823244,1,
872.200000000,-3.957550622724116,1.7790915491861632,3.140812027823244,1,
872.300000000,-3.9908839459011736,1.7791175700424053,3.140812027823244,1,
872.400000000,-4.022550602919378,1.7791422898558356,3.140812027823244,1,
872.500000000,-4.054217259937583,1.7791670096692658,3.140812027823244,1,
872.600000000,-4.085883916955788,1.779191729482696,3.140812027823244,1,
872.700000000,-4.117550573973992,1.7792164492961262,3.140812027823244,1,
872.800000000,-4.15088389715105,1.7792424701523684,3.140812027823244,1,
872.900000000,-4.184217220328107,1.7792684910086105,3.140812027823244,1,
873.000000000,-4.215883877346312,1.7792932108220407,3.140812027823244,1,
873.100000000,-4.247550534364517,1.779317930635471,3.140812027823244,1,
873.200000000,-4.279217191382721,1.7793426504489012,3.140812027823244,1,
873.300000000,-4.310883848400926,1.7793673702623314,3.140812027823244,1,
873.400000000,-4.344217171577983,1.7793933911185735,3.140812027823244,1,
873.500000000,-4.377550494755041,1.7794194119748157,3.140812027823244,1,
873.600000000,-4.4092171517732455,1.779444131788246,3.140812027823244,1,
873.700000000,-4.44088380879145,1.7794688516016761,3.140812027823244,1,
873.800000000,-4.472550465809655,1.7794935714151063,3.140812027823244,1,
873.900000000,-4.50421712282786,1.7795182912285366,3.140812027823244,1,
874.000000000,-4.535883779846064,1.7795430110419668,3.140812027823244,1,
874.100000000,-4.567550436864269,1.779567730855397,3.140812027823244,1,
874.200000000,-4.600883760041326,1.7795937517116391,3.140812027823244,1,
874.300000000,-4.634217083218384,1.7796197725678813,3.140812027823244,1,
874.400000000,-4.6658837402365885,1.7796444923813115,3.140812027823244,1,
874.500000000,-4.697550397254793,1.7796692121947417,3.140812027823244,1,
874.600000000,-4.730883720431851,1.7796952330509839,3.140812027823244,1,
874.700000000,-4.764217043608908,1.779721253907226,3.140812027823244,1,
874.800000000,-4.795883700627113,1.7797459737206562,3.140812027823244,1,
874.900000000,-4.827550357645317,1.7797706935340865,3.140812027823244,1,
875.000000000,-4.860883680822375,1.7797967143903286,3.140812027823244,1,
875.100000000,-4.894217003999432,1.7798227352465708,3.140812027823244,1,
875.200000000,-4.925883661017637,1.779847455060001,3.140812027823244,1,
875.300000000,-4.957550318035842,1.7798721748734312,3.140812027823244,1,
875.400000000,-4.989216975054046,1.7798968946868614,3.140812027823244,1,
875.500000000,-5.020883632072251,1.7799216145002916,3.140812027823244,1,
875.600000000,-5.054216955249308,1.7799476353565338,3.140812027823244,1,
875.700000000,-5.087550278426366,1.779973656212776,3.140812027823244,1,
875.800000000,-5.1192169354445705,1.7799983760262061,3.140812027823244,1,
875.900000000,-5.150883592462775,1.7800230958396364,3.140812027823244,1,
876.000000000,-5.18255024948098,1.7800478156530666,3.140812027823244,1,
876.100000000,-5.214216906499185,1.7800725354664968,3.140812027823244,1,
876.200000000,-5.245883563517389,1.780097255279927,3.140812027823244,1,
876.300000000,-5.277550220535594,1.7801219750933572,3.140812027823244,1,
876.400000000,-5.309216877553799,1.7801466949067875,3.140812027823244,1,
876.500000000,-5.340883534572003,1.7801714147202177,3.140812027823244,1,
876.600000000,-5.372550191590208,1.780196134533648,3.140812027823244,1,
876.700000000,-5.404216848608413,1.780220854347078,3.140812027823244,1,
876.800000000,-5.43755017178547,1.7802468752033203,3.140812027823244,1,
876.900000000,-5.470883494962528,1.7802728960595624,3.140812027823244,1,
877.000000000,-5.502550151980732,1.7802976158729926,3.140812027823244,1,
877.100000000,-5.534216808998937,1.7803223356864228,3.140812027823244,1,
877.200000000,-5.565883466017142,1.780347055499853,3.140812027823244,1,
877.300000000,-5.597550123035346,1.7803717753132833,3.140812027823244,1,
877.400000000,-5.630883446212404,1.7803977961695254,3.140812027823244,1,
877.500000000,-5.664216769389461,1.7804238170257676,3.140812027823244,1,
877.600000000,-5.697550092566519,1.7804498378820097,3.140812027823244,1,
877.700000000,-5.730883415743576,1.7804758587382519,3.140812027823244,1,
877.800000000,-5.762550072761781,1.780500578551682,3.140812027823244,1,
877.900000000,-5.794216729779985,1.7805252983651123,3.140812027823244,1,
878.000000000,-5.82588338679819,1.7805500181785425,3.140812027823244,1,
878.100000000,-5.857550043816395,1.7805747379919727,3.140812027823244,1,
878.200000000,-5.8892167008345995,1.780599457805403,3.140812027823244,1,
878.300000000,-5.920883357852804,1.7806241776188332,3.140812027823244,1,
878.400000000,-5.954216681029862,1.7806501984750753,3.140812027823244,1,
878.500000000,-5.987550004206919,1.7806762193313175,3.140812027823244,1,
878.600000000,-6.019216661225124,1.7807009391447477,3.140812027823244,1,
878.700000000,-6.050883318243328,1.780725658958178,3.140812027823244,1,
878.800000000,-6.082549975261533,1.7807503787716081,3.140812027823244,1,
878.900000000,-6.114216632279738,1.7807750985850384,3.140812027823244,1,
879.000000000,-6.147549955456795,1.7808011194412805,3.140812027823244,1,
879.100000000,-6.180883278633853,1.7808271402975226,3.140812027823244,1,
879.200000000,-6.21421660181091,1.7808531611537648,3.140812027823244,1,
879.300000000,-6.247549924987967,1.780879182010007,3.140812027823244,1,
879.400000000,-6.279216582006172,1.7809039018234372,3.140812027823244,1,
879.500000000,-6.310883239024377,1.7809286216368674,3.140812027823244,1,
879.600000000,-6.3425498960425815,1.7809533414502976,3.140812027823244,1,
879.700000000,-6.374216553060786,1.7809780612637278,3.140812027823244,1,
879.800000000,-6.405883210078991,1.781002781077158,3.140812027823244,1,
879.900000000,-6.437549867097196,1.7810275008905883,3.140812027823244,1,
880.000000000,-6.4692165241154,1.7810522207040185,3.140812027823244,1,
880.100000000,-6.500883181133605,1.7810769405174487,3.140812027823244,1,
880.200000000,-6.53254983815181,1.781101660330879,3.140812027823244,1,
880.300000000,-6.564216495170014,1.7811263801443091,3.140812027823244,1,
880.400000000,-6.595883152188219,1.7811510999577393,3.140812027823244,1,
880.500000000,-6.627549809206424,1.7811758197711696,3.140812027823244,1,
880.600000000,-6.6592164662246285,1.7812005395845998,3.140812027823244,1,
880.700000000,-6.690883123242833,1.78122525939803,3.140812027823244,1,
880.800000000,-6.722549780261038,1.7812499792114602,3.140812027823244,1,
880.900000000,-6.754216437279243,1.7812746990248904,3.140812027823244,1,
881.000000000,-6.785883094297447,1.7812994188383207,3.140812027823244,1,
881.100000000,-6.817549751315652,1.7813241386517509,3.140812027823244,1,
881.200000000,-6.849216408333857,1.781348858465181,3.140812027823244,1,
881.300000000,-6.880883065352061,1.7813735782786113,3.140812027823244,1,
881.400000000,-6.914216388529119,1.7813995991348535,3.140812027823244,1,
881.500000000,-6.947549711706176,1.7814256199910956,3.140812027823244,1,
881.600000000,-6.980883034883234,1.7814516408473378,3.140812027823244,1,
881.700000000,-7.014216358060291,1.78147766170358,3.140812027823244,1,
881.800000000,-7.045883015078496,1.7815023815170101,3.140812027823244,1,
881.900000000,-7.0775496720967,1.7815271013304403,3.140812027823244,1,
882.000000000,-7.110882995273758,1.7815531221866825,3.140812027823244,1,
882.100000000,-7.144216318450815,1.7815791430429246,3.140812027823244,1,
882.200000000,-7.17588297546902,1.7816038628563549,3.140812027823244,1,
882.300000000,-7.207549632487225,1.781628582669785,3.140812027823244,1,
882.400000000,-7.240882955664282,1.7816546035260272,3.140812027823244,1,
882.500000000,-7.274216278841339,1.7816806243822694,3.140812027823244,1,
882.600000000,-7.307549602018397,1.7817066452385115,3.140812027823244,1,
882.700000000,-7.340882925195454,1.7817326660947537,3.140812027823244,1,
882.800000000,-7.372549582213659,1.7817573859081839,3.140812027823244,1,
882.900000000,-7.404216239231864,1.781782105721614,3.140812027823244,1,
883.000000000,-7.435882896250068,1.7818068255350443,3.140812027823244,1,
883.100000000,-7.467549553268273,1.7818315453484745,3.140812027823244,1,
883.200000000,-7.499216210286478,1.7818562651619048,3.140812027823244,1,
883.300000000,-7.530882867304682,1.781880984975335,3.140812027823244,1,
883.400000000,-7.562549524322887,1.7819057047887652,3.140812027823244,1,
883.500000000,-7.594216181341092,1.7819304246021954,3.140812027823244,1,
883.600000000,-7.627549504518149,1.7819564454584376,3.140812027823244,1,
883.700000000,-7.660882827695207,1.7819824663146797,3.140812027823244,1,
883.800000000,-7.694216150872264,1.7820084871709219,3.140812027823244,1,
883.900000000,-7.727549474049321,1.782034508027164,3.140812027823244,1,
884.000000000,-7.759216131067526,1.7820592278405942,3.140812027823244,1,
884.100000000,-7.790882788085731,1.7820839476540244,3.140812027823244,1,
884.200000000,-7.824216111262788,1.7821099685102666,3.140812027823244,1,
884.300000000,-7.8575494344398455,1.7821359893665087,3.140812027823244,1,
884.400000000,-7.88921609145805,1.782160709179939,3.140812027823244,1,
884.500000000,-7.920882748476255,1.7821854289933692,3.140812027823244,1,
884.600000000,-7.954216071653312,1.7822114498496113,3.140812027823244,1,
884.700000000,-7.98754939483037,1.7822374707058535,3.140812027823244,1,
884.800000000,-8.020882718007428,1.7822634915620956,3.140812027823244,1,
884.900000000,-8.054216041184485,1.7822895124183378,3.140812027823244,1,
885.000000000,-8.08588269820269,1.782314232231768,3.140812027823244,1,
885.100000000,-8.117549355220895,1.7823389520451982,3.140812027823244,1,
885.200000000,-8.1492160122391,1.7823636718586284,3.140812027823244,1,
885.300000000,-8.180882669257304,1.7823883916720586,3.140812027823244,1,
885.400000000,-8.212549326275509,1.7824131114854889,3.140812027823244,1,
885.500000000,-8.244215983293714,1.782437831298919,3.140812027823244,1,
885.600000000,-8.275882640311918,1.7824625511123493,3.140812027823244,1,
885.700000000,-8.307549297330123,1.7824872709257795,3.140812027823244,1,
885.800000000,-8.34088262050718,1.7825132917820217,3.140812027823244,1,
885.900000000,-8.374215943684238,1.7825393126382638,3.140812027823244,1,
886.000000000,-8.407549266861295,1.782565333494506,3.140812027823244,1,
886.100000000,-8.440882590038353,1.7825913543507481,3.140812027823244,1,
886.200000000,-8.472549247056557,1.7826160741641783,3.140812027823244,1,
886.300000000,-8.504215904074762,1.7826407939776086,3.140812027823244,1,
886.400000000,-8.535882561092967,1.7826655137910388,3.140812027823244,1,
886.500000000,-8.567549218111171,1.782690233604469,3.140812027823244,1,
886.600000000,-8.600882541288229,1.7827162544607111,3.140812027823244,1,
886.700000000,-8.634215864465286,1.7827422753169533,3.140812027823244,1,
886.800000000,-8.665882521483491,1.7827669951303835,3.140812027823244,1,
886.900000000,-8.697549178501696,1.7827917149438137,3.140812027823244,1,
887.000000000,-8.730882501678753,1.7828177358000559,3.140812027823244,1,
887.100000000,-8.76421582485581,1.782843756656298,3.140812027823244,1,
887.200000000,-8.795882481874015,1.7828684764697282,3.140812027823244,1,
887.300000000,-8.82754913889222,1.7828931962831585,3.140812027823244,1,
887.400000000,-8.859215795910425,1.7829179160965887,3.140812027823244,1,
887.500000000,-8.89088245292863,1.782942635910019,3.140812027823244,1,
887.600000000,-8.924215776105687,1.782968656766261,3.140812027823244,1,
887.700000000,-8.957549099282744,1.7829946776225032,3.140812027823244,1,
887.800000000,-8.989215756300949,1.7830193974359334,3.140812027823244,1,
887.900000000,-9.020882413319153,1.7830441172493636,3.140812027823244,1,
888.000000000,-9.052549070337358,1.7830688370627938,3.140812027823244,1,
888.100000000,-9.084215727355563,1.783093556876224,3.140812027823244,1,
888.200000000,-9.115882384373768,1.7831182766896543,3.140812027823244,1,
888.300000000,-9.147549041391972,1.7831429965030845,3.140812027823244,1,
888.400000000,-9.179215698410177,1.7831677163165147,3.140812027823244,1,
888.500000000,-9.210882355428382,1.783192436129945,3.140812027823244,1,
888.600000000,-9.244215678605439,1.783218456986187,3.140812027823244,1,
888.700000000,-9.277549001782496,1.7832444778424292,3.140812027823244,1,
888.800000000,-9.309215658800701,1.7832691976558595,3.140812027823244,1,
888.900000000,-9.340882315818906,1.7832939174692897,3.140812027823244,1,
889.000000000,-9.37254897283711,1.7833186372827199,3.140812027823244,1,
889.100000000,-9.404215629855315,1.78334335709615,3.140812027823244,1,
889.200000000,-9.43588228687352,1.7833680769095803,3.140812027823244,1,
889.300000000,-9.467548943891725,1.7833927967230105,3.140812027823244,1,
889.400000000,-9.500882267068782,1.7834188175792527,3.140812027823244,1,
889.500000000,-9.53421559024584,1.7834448384354948,3.140812027823244,1,
889.600000000,-9.565882247264044,1.783469558248925,3.140812027823244,1,
889.700000000,-9.597548904282249,1.7834942780623553,3.140812027823244,1,
889.800000000,-9.630882227459306,1.7835202989185974,3.140812027823244,1,
889.900000000,-9.664215550636364,1.7835463197748396,3.140812027823244,1,
890.000000000,-9.697548873813421,1.7835723406310817,3.140812027823244,1,
890.100000000,-9.730882196990478,1.7835983614873239,3.140812027823244,1,
890.200000000,-9.762548854008683,1.783623081300754,3.140812027823244,1,
890.300000000,-9.794215511026888,1.7836478011141843,3.140812027823244,1,
890.400000000,-9.827548834203945,1.7836738219704265,3.140812027823244,1,
890.500000000,-9.860882157381003,1.7836998428266686,3.140812027823244,1,
890.600000000,-9.892548814399207,1.7837245626400988,3.140812027823244,1,
890.700000000,-9.924215471417412,1.783749282453529,3.140812027823244,1,
890.800000000,-9.95754879459447,1.7837753033097712,3.140812027823244,1,
890.900000000,-9.990882117771527,1.7838013241660133,3.140812027823244,1,
891.000000000,-10.022548774789731,1.7838260439794436,3.140812027823244,1,
891.100000000,-10.054215431807936,1.7838507637928738,3.140812027823244,1,
891.200000000,-10.085882088826141,1.783875483606304,3.140812027823244,1,
891.300000000,-10.117548745844346,1.7839002034197342,3.140812027823244,1,
891.400000000,-10.14921540286255,1.7839249232331644,3.140812027823244,1,
891.500000000,-10.180882059880755,1.7839496430465946,3.140812027823244,1,
891.600000000,-10.214215383057812,1.7839756639028368,3.140812027823244,1,
891.700000000,-10.24754870623487,1.784001684759079,3.140812027823244,1,
891.800000000,-10.279215363253074,1.7840264045725092,3.140812027823244,1,
891.900000000,-10.31088202027128,1.7840511243859394,3.140812027823244,1,
892.000000000,-10.342548677289484,1.7840758441993696,3.140812027823244,1,
892.100000000,-10.374215334307689,1.7841005640127998,3.140812027823244,1,
892.200000000,-10.407548657484746,1.784126584869042,3.140812027823244,1,
892.300000000,-10.440881980661803,1.7841526057252841,3.140812027823244,1,
892.400000000,-10.472548637680008,1.7841773255387143,3.140812027823244,1,
892.500000000,-10.504215294698213,1.7842020453521445,3.140812027823244,1,
892.600000000,-10.53754861787527,1.7842280662083867,3.140812027823244,1,
892.700000000,-10.570881941052328,1.7842540870646288,3.140812027823244,1,
892.800000000,-10.602548598070532,1.784278806878059,3.140812027823244,1,
892.900000000,-10.634215255088737,1.7843035266914893,3.140812027823244,1,
893.000000000,-10.667548578265794,1.7843295475477314,3.140812027823244,1,
893.100000000,-10.700881901442852,1.7843555684039736,3.140812027823244,1,
893.200000000,-10.73421522461991,1.7843815892602157,3.140812027823244,1,
893.300000000,-10.767548547796967,1.7844076101164579,3.140812027823244,1,
893.400000000,-10.799215204815171,1.784432329929888,3.140812027823244,1,
893.500000000,-10.830881861833376,1.7844570497433183,3.140812027823244,1,
893.600000000,-10.864215185010433,1.7844830705995605,3.140812027823244,1,
893.700000000,-10.89754850818749,1.7845090914558026,3.140812027823244,1,
893.800000000,-10.929215165205695,1.7845338112692328,3.140812027823244,1,
893.900000000,-10.9608818222239,1.784558531082663,3.140812027823244,1,
894.000000000,-10.992548479242105,1.7845832508960933,3.140812027823244,1,
894.100000000,-11.02421513626031,1.7846079707095235,3.140812027823244,1,
894.200000000,-11.057548459437367,1.7846339915657656,3.140812027823244,1,
894.300000000,-11.090881782614424,1.7846600124220078,3.140812027823244,1,
894.400000000,-11.124215105791482,1.78468603327825,3.140812027823244,1,
894.500000000,-11.15754842896854,1.784712054134492,3.140812027823244,1,
894.600000000,-11.189215085986744,1.7847367739479223,3.140812027823244,1,
894.700000000,-11.220881743004949,1.7847614937613525,3.140812027823244,1,
894.800000000,-11.252548400023153,1.7847862135747827,3.140812027823244,1,
894.900000000,-11.284215057041358,1.784810933388213,3.140812027823244,1,
895.000000000,-11.317548380218415,1.784836954244455,3.140812027823244,1,
895.100000000,-11.350881703395473,1.7848629751006972,3.140812027823244,1,
895.200000000,-11.382548360413677,1.7848876949141275,3.140812027823244,1,
895.300000000,-11.414215017431882,1.7849124147275577,3.140812027823244,1,
895.400000000,-11.445881674450087,1.784937134540988,3.140812027823244,1,
895.500000000,-11.477548331468292,1.7849618543544181,3.140812027823244,1,
895.600000000,-11.509214988486496,1.7849865741678483,3.140812027823244,1,
895.700000000,-11.540881645504701,1.7850112939812786,3.140812027823244,1,
895.800000000,-11.574214968681758,1.7850373148375207,3.140812027823244,1,
895.900000000,-11.607548291858816,1.7850633356937629,3.140812027823244,1,
896.000000000,-11.63921494887702,1.785088055507193,3.140812027823244,1,
896.100000000,-11.670881605895225,1.7851127753206233,3.140812027823244,1,
896.200000000,-11.70254826291343,1.7851374951340535,3.140812027823244,1,
896.300000000,-11.734214919931635,1.7851622149474837,3.140812027823244,1,
896.400000000,-11.76588157694984,1.785186934760914,3.140812027823244,1,
896.500000000,-11.797548233968044,1.7852116545743442,3.140812027823244,1,
896.600000000,-11.829214890986249,1.7852363743877744,3.140812027823244,1,
896.700000000,-11.860881548004453,1.7852610942012046,3.140812027823244,1,
896.800000000,-11.892548205022658,1.7852858140146348,3.140812027823244,1,
896.900000000,-11.924214862040863,1.785310533828065,3.140812027823244,1,
897.000000000,-11.95754818521792,1.7853365546843072,3.140812027823244,1,
897.100000000,-11.990881508394978,1.7853625755405493,3.140812027823244,1,
897.200000000,-12.024214831572035,1.7853885963967915,3.140812027823244,1,
897.300000000,-12.057548154749092,1.7854146172530336,3.140812027823244,1,
897.400000000,-12.089214811767297,1.7854393370664638,3.140812027823244,1,
897.500000000,-12.120881468785502,1.785464056879894,3.140812027823244,1,
897.600000000,-12.15421479196256,1.7854900777361362,3.140812027823244,1,
897.700000000,-12.187548115139617,1.7855160985923784,3.140812027823244,1,
897.800000000,-12.220881438316674,1.7855421194486205,3.140812027823244,1,
897.900000000,-12.254214761493731,1.7855681403048627,3.140812027823244,1,
898.000000000,-12.312133965899449,1.7856133535373837,3.0987312498762694,1,
898.100000000,-12.369999994397372,1.7880950926665498,3.0566504719292946,1,
898.200000000,-12.426113418917794,1.7928729860078774,3.0129669408898945,1,
898.300000000,-12.481964663827323,1.8000967743661995,2.9692834098504943,1,
898.400000000,-12.537447167885569,1.8097526751329271,2.925599878811094,1,
898.500000000,-12.592455073390305,1.8218222653567997,2.881916347771694,1,
898.600000000,-12.646883428148406,1.8362825168939076,2.838232816732294,1,
898.700000000,-12.700628385719119,1.8531058403441816,2.7945492856928937,1,
898.800000000,-12.754339319101767,1.8725320916408403,2.7516653395155815,1,
898.900000000,-12.807168052970965,1.8942431137737035,2.708781393338269,1,
899.000000000,-12.859017448438415,1.9181989855786745,2.665897447160957,1,
899.100000000,-12.909792167375304,1.9443556581720325,2.6230135009836446,1,
899.200000000,-12.960096418835851,1.9730631235464189,2.58093272303667,1,
899.300000000,-13.009148461710266,2.003861392541188,2.538851945089695,1,
899.400000000,-13.056861447856658,2.0366959358792927,2.4967711671427204,1,
899.500000000,-13.10315089997402,2.0715086189976923,2.4546903891957457,1,
899.600000000,-13.147934861171874,2.108237804976375,2.412609611248771,1,
899.700000000,-13.191134040077456,2.146818463668409,2.370528833301796,1,
899.800000000,-13.241335919128275,2.1956013637438136,2.370528833301796,1,
899.900000000,-13.291537798179094,2.244384263819218,2.370528833301796,1,
900.000000000,-13.344270005469156,2.2956259712537648,2.3970006192170676,1,
900.100000000,-13.398340038737611,2.3454539731085218,2.423472405132339,1,
900.200000000,-13.453710010326569,2.393833354178639,2.4499441910476105,1,
900.300000000,-13.510341121692466,2.4407302143288976,2.476415976962882,1,
900.400000000,-13.568193690592777,2.4861116922480266,2.5028877628781534,1,
900.500000000,-13.627227178891934,2.529945988475101,2.529359548793425,1,
900.600000000,-13.687400220966989,2.5722023876818874,2.5558313347086963,1,
900.700000000,-13.748670652693107,2.6128512801955184,2.5823031206239677,1,
900.800000000,-13.80783233527541,2.6498841417128736,2.61250672015709,1,
900.900000000,-13.86808539022971,2.685113488666894,2.6427103196902126,1,
901.000000000,-13.929374855437754,2.7185071852673723,2.672913919223335,1,
901.100000000,-13.99164482338021,2.7500347701824652,2.7031175187564576,1,
901.200000000,-14.054838492134843,2.7796674843251563,2.73332111828958,1,
901.300000000,-14.118898217190555,2.8073782970869527,2.7635247178227025,1,
901.400000000,-14.183765564030015,2.8331419309948846,2.793728317355825,1,
901.500000000,-14.249381361432931,2.8569348847693137,2.8239319168889474,1,
901.600000000,-14.315685755451334,2.8787354547615207,2.85413551642207,1,
901.700000000,-14.38261826400763,2.898523754751514,2.8843391159551923,1,
901.800000000,-14.453726840633314,2.9172312023796376,2.9108109018704638,1,
901.900000000,-14.525305665565302,2.934049944539665,2.937282687785735,1,
902.000000000,-14.597304582480996,2.9489681960946053,2.9637544737010066,1,
902.100000000,-14.669673140693245,2.9619755036088473,2.990226259616278,1,
902.200000000,-14.742360630501866,2.9730627526730324,3.0166980455315495,1,
902.300000000,-14.815316118726674,2.9822221742906554,3.043169831446821,1,
902.400000000,-14.888488484397103,2.9894473503219112,3.0696416173620924,1,
902.500000000,-14.961826454573407,2.9947332179809805,3.096113403277364,1,
902.600000000,-15.035278640274356,2.9980760733835963,3.1225851891926353,1,
902.700000000,-15.108793572486245,2.9994735741424097,-3.1341283320716795,1,
902.800000000,-15.183791483142357,2.9989137552270724,-3.128094534555382,1,
902.900000000,-15.258784650775441,2.9979014270410453,-3.1220607370390847,1,
903.000000000,-15.33377034513909,2.9964366264397584,-3.1160269395227873,1,
903.100000000,-15.408745836258971,2.994519406751624,-3.10999314200649,1,
903.200000000,-15.48370839453222,2.992149837776096,-3.102697176287424,1,
903.300000000,-15.558651669503375,2.989233412464532,-3.0954012105683577,1,
903.400000000,-15.633571671875984,2.9857702860608164,-3.0881052448492916,1,
903.500000000,-15.70846441359242,2.9817606429102144,-3.0808092791302255,1,
903.600000000,-15.783325908046162,2.9772046964495575,-3.0735133134111594,1,
903.700000000,-15.858152170294009,2.972102689195884,-3.0662173476920933,1,
903.800000000,-15.9329392172682,2.9664548927335272,-3.059003024574781,1,
903.900000000,-16.00768357337524,2.9602677100027335,-3.0517887014574687,1,
904.000000000,-16.06617332261255,2.9550009333318057,-3.010515098438254,1,
904.100000000,-16.124395942839488,2.9473252446816205,-2.969241495419039,1,
904.200000000,-16.181457049260654,2.937392147620774,-2.927160717472064,1,
904.300000000,-16.238049772365187,2.9250673768382645,-2.8850799395250895,1,
904.400000000,-16.294073913006258,2.9103727537176467,-2.8429991615781147,1,
904.500000000,-16.34943027872968,2.8933342955385086,-2.80091838363114,1,
904.600000000,-16.40402085939718,2.873982169412082,-2.7588376056841653,1,
904.700000000,-16.45774900071633,2.8523506388694493,-2.7167568277371905,1,
904.800000000,-16.52301786900122,2.822823958071467,-2.688393759875134,1,
904.900000000,-16.587423130860653,2.7914581759043684,-2.6600306920130774,1,
905.000000000,-16.650912978077915,2.758278523307258,-2.631667624151021,1,
905.100000000,-16.713436338804698,2.7233116903141914,-2.6033045562889643,1,
905.200000000,-16.774942918643788,2.686585804584451,-2.5749414884269077,1,
905.300000000,-16.835383241106374,2.648130408776386,-2.546578420564851,1,
905.400000000,-16.89470868741141,2.6079764367830123,-2.5182153527027946,1,
905.500000000,-16.952871535595033,2.5661561888484865,-2.489852284840738,1,
905.600000000,-17.012498736541332,2.5206633662573394,-2.4839332144652775,1,
905.700000000,-17.0718556193133,2.474818405055538,-2.478014144089817,1,
905.800000000,-17.13094010432523,2.4286229114346765,-2.486650546782123,1,
905.900000000,-17.19042134379617,2.382939411667248,-2.4952869494744294,1,
906.000000000,-17.250294901199638,2.3377713131478957,-2.5065029739104494,1,
906.100000000,-17.310671288494653,2.293277584857245,-2.5177189983464694,1,
906.200000000,-17.37154291045937,2.2494638240122278,-2.5289350227824894,1,
906.300000000,-17.43290210957247,2.206335542291308,-2.5401510472185094,1,
906.400000000,-17.494741166976453,2.1638981651411258,-2.5500934936802575,1,
906.500000000,-17.556999092339744,2.1220777068765506,-2.5600359401420056,1,
906.600000000,-17.619669731377556,2.0808783015095735,-2.5699783866037538,1,
906.700000000,-17.682746889007767,2.0403040216602206,-2.579920833065502,1,
906.800000000,-17.743377944074737,2.0021500545322493,-2.6082839009275585,1,
906.900000000,-17.805066631508765,1.9657308852830315,-2.636646968789615,1,
907.000000000,-17.867763328331925,1.9310758098452077,-2.6650100366516716,1,
907.100000000,-17.931417600713768,1.8982127050972624,-2.693373104513728,1,
907.200000000,-17.99597824454079,1.8671680064390934,-2.7217361723757847,1,
907.300000000,-18.06139332660552,1.83796668652712,-2.7500992402378412,1,
907.400000000,-18.12761022638207,1.8106322351860358,-2.778462308099898,1,
907.500000000,-18.194575678354642,1.7851866405133663,-2.8068253759619544,1,
907.600000000,-18.262235814864773,1.7616503711920302,-2.835188443824011,1,
907.700000000,-18.330536209443043,1.7400423600251325,-2.8635515116860675,1,
907.800000000,-18.402169981152475,1.7195955969030312,-2.889056764411574,1,
907.900000000,-18.47430189792083,1.7009823232840964,-2.9145620171370807,1,
908.000000000,-18.546885039187536,1.6842146467799308,-2.9400672698625874,1,
908.100000000,-18.6198721908783,1.6693034744732298,-2.965572522588094,1,
908.200000000,-18.693215876117065,1.6562585058229131,-2.9910777753136006,1,
908.300000000,-18.766868386108882,1.6450882263547952,-3.0165830280391073,1,
908.400000000,-18.840781811173663,1.6357999021418983,-3.042088280764614,1,
908.500000000,-18.914908071910585,1.6283995750779972,-3.0675935334901205,1,
908.600000000,-18.989198950472915,1.6228920589474727,-3.093098786215627,1,
908.700000000,-19.063606121932878,1.6192809362940281,-3.118604038941134,1,
908.800000000,-19.138586304940507,1.6175569420531208,-3.1379639995156206,1,
908.900000000,-19.213585811173658,1.6172847935947945,3.125861347089479,1,
909.000000000,-19.288576531089884,1.6184645929193027,3.106501386514992,1,
909.100000000,-19.363530358439814,1.6210958978421448,3.0871414259405054,1,
909.200000000,-19.438419200801274,1.6251777221597956,3.0677814653660187,1,
909.300000000,-19.513214990108235,1.630708536019331,3.048421504791532,1,
909.400000000,-19.587889693170606,1.6376862664918108,3.029061544217045,1,
909.500000000,-19.662415322180987,1.6461082983492052,3.0097015836425585,1,
909.600000000,-19.736763945204387,1.6559714750445726,2.9903416230680717,1,
909.700000000,-19.81090769664702,1.667272099895122,2.970981662493585,1,
909.800000000,-19.884818787700222,1.6800059374677168,2.9516217019190982,1,
909.900000000,-19.9584695167556,1.6941682151662985,2.9322617413446115,1,
910.000000000,-20.031832279787483,1.7097536250206398,2.9422041878063596,1,
910.100000000,-20.105346371362543,1.724608871228412,2.9521466342681077,1,
910.200000000,-20.179004524507903,1.7387324853273243,2.962089080729856,1,
910.300000000,-20.252799458009985,1.7521230711779636,2.972031527191604,1,
910.400000000,-20.326723877134285,1.7647793051018057,2.981973973653352,1,
910.500000000,-20.400770474346455,1.7766999360120628,2.9919164201151003,1,
910.600000000,-20.474931930034675,1.7878837855373546,3.0014845091814495,1,
910.700000000,-20.549196997505778,1.7983575505486855,3.0110525982477987,1,
910.800000000,-20.61860141927131,1.807469424087758,3.0221395090576366,1,
910.900000000,-20.6881025959586,1.8158112727487024,3.0332264198674745,1,
911.000000000,-20.75437820418748,1.823021556955075,3.043785382543511,1,
911.100000000,-20.820726249567933,1.8295316505517722,3.054344345219547,1,
911.200000000,-20.88215835351193,1.8349051394362514,3.0641113856948805,1,
911.300000000,-20.94364000956799,1.8396783717144813,3.073878426170214,1,
911.400000000,-21.001839658510004,1.8436253504076012,3.0831175185117456,1,
911.500000000,-21.060073289466413,1.847034456362306,3.0923566108532774,1,
911.600000000,-21.134982400783162,1.850725667780634,3.1060294844392975,1,
911.700000000,-21.20993497806909,1.8533923432758863,3.1197023580253176,1,
911.800000000,-21.268254335730184,1.8546691752049864,3.123372380277576,1,
911.900000000,-21.326577986629232,1.8557319656753486,3.1270424025298342,1,
912.000000000,-21.381572164712285,1.8565322012466627,3.1305027092248205,1,
912.100000000,-21.436568782608134,1.857142135684236,3.133963015919807,1,
912.200000000,-21.48656732733092,1.8575236138666487,3.137108749278885,1,
912.300000000,-21.536566824696816,1.857747808330939,3.1402544826379635,1,
912.400000000,-21.583233449580455,1.8578102562900536,-3.139994806739816,1,
912.500000000,-21.62990005667446,1.8577356901354507,-3.1370587889380093,1,
912.600000000,-21.673232944630104,1.8575392233403012,-3.1343324866934745,1,
912.700000000,-21.716565135917946,1.857224618871946,-3.13160618444894,1,
912.800000000,-21.761562892021363,1.856775235230167,-3.1280646076458956,1,
912.900000000,-21.806558774403552,1.8561664917305791,-3.1245230308428513,1,
913.000000000,-21.848219370967175,1.855455291987915,-3.1212437930622547,1,
913.100000000,-21.889877411345577,1.8546074813117874,-3.117964555281658,1,
913.200000000,-21.929866246124448,1.853662445318746,-3.1148164870122854,1,
913.300000000,-21.96985190771922,1.8525915266345465,-3.1116684187429127,1,
913.400000000,-22.006502158847326,1.8514944684358587,-3.1087826894959876,1,
913.500000000,-22.04314909156574,1.8502916522502084,-3.1058969602490625,1,
913.600000000,-22.08145800566043,1.8489236079050397,-3.1028800614909136,1,
913.700000000,-22.119762618172523,1.8474399958455774,-3.0998631627327646,1,
913.800000000,-22.146406070202787,1.8463275323531203,-3.098605594657471,1,
913.900000000,-22.17304810216684,1.8451815637944737,-3.097348026582177,1,
914.000000000,-22.209678885592446,1.8435597900522684,-3.0956188704786483,1,
914.100000000,-22.246306809956828,1.8418746784234257,-3.0938897143751194,1,
914.200000000,-22.28293176574322,1.8401262339463957,-3.0921605582715905,1,
914.300000000,-22.319553643443736,1.8383144618489928,-3.0904314021680617,1,
914.400000000,-22.357836819474052,1.8363541359892606,-3.088623648059827,1,
914.500000000,-22.39611638916496,1.8343246068016243,-3.086815893951592,1,
914.600000000,-22.432728060539173,1.8323171298699716,-3.08566359753132,1,
914.700000000,-22.469337394399165,1.8302674667825412,-3.0845113011110477,1,
914.800000000,-22.505944342135546,1.8281756202608486,-3.0839352950831715,1,
914.900000000,-22.542550078883007,1.826062688264783,-3.0833592890552954,1,
915.000000000,-22.57915459249639,1.8239286714953795,-3.0827832830274193,1,
915.100000000,-22.615757870830944,1.8217735706606684,-3.082207276999543,1,
915.200000000,-22.64903244438674,1.8197952214015836,-3.0816836351560197,1,
915.300000000,-22.682305977434176,1.8177994484554882,-3.0811599933124962,1,
915.400000000,-22.713914836678846,1.815886912173918,-3.080662533561149,1,
915.500000000,-22.74552274060267,1.8139586519943802,-3.0801650738098014,1,
915.600000000,-22.775466158184756,1.812116983320387,-3.07969379615063,1,
915.700000000,-22.805408704504316,1.8102612031876901,-3.079222518491459,1,
915.800000000,-22.832023520865842,1.808599077695044,-3.0788036050166396,1,
915.900000000,-22.858637638605327,1.8069258030433624,-3.0783846915418205,1,
916.000000000,-22.908537790693398,1.8037675089488434,-3.1135252800515496,1,
916.100000000,-22.958518097549835,1.8023643245217082,3.1345194386183075,1,
916.200000000,-22.984022712370667,1.8025447271536479,3.0600246914550975,1,
916.300000000,-23.009443164777093,1.8046228324737104,2.9855299442918874,1,
916.400000000,-23.02749017481042,1.8074623882718137,2.903798979522944,1,
916.500000000,-23.045245120481123,1.8117658232375182,2.822068014754001,1,
916.600000000,-23.062589465635856,1.8175044066365005,2.7403370499850577,1,
916.700000000,-23.079407415385976,1.824639826349177,2.6586060852161144,1,
916.800000000,-23.109300370741124,1.84031607482129,2.5923601004739227,1,
916.900000000,-23.138090027897128,1.8579367781802403,2.526114115731731,1,
917.000000000,-23.165650088764355,1.877424635707921,2.4598681309895394,1,
917.100000000,-23.191859649400847,1.898694155619437,2.3936221462473477,1,
917.200000000,-23.216603730408952,1.9216520301092221,2.327376161505156,1,
917.300000000,-23.2397737813414,1.9461975446854585,2.2611301767629643,1,
917.400000000,-23.26126815690406,1.9722230199970778,2.1948841920207727,1,
917.500000000,-23.28099256286631,1.999614284215085,2.128638207278581,1,
917.600000000,-23.298860469722825,2.0282511738959,2.062392222536389,1,
917.700000000,-23.3147934922921,2.0580080611294678,1.9961462377941979,1,
917.800000000,-23.33869325337748,2.110766356243028,1.9540654598472227,1,
917.900000000,-23.360352401899878,2.1644833700143864,1.9119846819002488,1,
918.000000000,-23.380002676203866,2.2198246423355283,1.8707110788810337,1,
918.100000000,-23.397352730409278,2.2759295915059354,1.829437475861817,1,
918.200000000,-23.41237301271547,2.3327026557334984,1.7881638728426021,1,
918.300000000,-23.425037939548865,2.3900471352467827,1.7468902698233864,1,
918.400000000,-23.435325939138647,2.447865357000702,1.7056166668041715,1,
918.500000000,-23.443219488259277,2.506058841039939,1.6643430637849561,1,
918.600000000,-23.450225265175632,2.5807309180821525,1.6408167010658887,1,
918.700000000,-23.45547250305294,2.6555471362080305,1.617290338346821,1,
918.800000000,-23.45895829773281,2.730466087318212,1.5979303777723348,1,
918.900000000,-23.460993101844966,2.8054384793850597,1.578570417197848,1,
919.000000000,-23.461576152752222,2.8804362130284145,1.5592104566233616,1,
919.100000000,-23.460707231929213,2.9554311793701853,1.5398504960488746,1,
919.200000000,-23.45838666504431,3.0303952705694566,1.5204905354743885,1,
919.300000000,-23.454615321837547,3.105300390357204,1.5011305748999015,1,
919.400000000,-23.44939461579466,3.180118464566674,1.4817706143254152,1,
919.500000000,-23.4427265036173,3.254821451655479,1.4624106537509292,1,
919.600000000,-23.43461348448969,3.3293813532154664,1.4430506931764417,1,
919.700000000,-23.425058599141924,3.4037702244664203,1.4236907326019557,1,
919.800000000,-23.41406542871031,3.4779601847296626,1.4206438578962082,1,
919.900000000,-23.402846262142308,3.5521163058628464,1.4175969831904605,1,
920.000000000,-23.39140120359036,3.6262378994421973,1.4145501084847125,1,
920.100000000,-23.37973035930396,3.7003242773644756,1.4115032337789648,1,
920.200000000,-23.36783383762867,3.774374751853363,1.408456359073217,1,
920.300000000,-23.355711749005117,3.8483886354658496,1.4054094843674696,1,
920.400000000,-23.343364205967962,3.9223652410986145,1.4023626096617214,1,
920.500000000,-23.330791323144858,3.996303881994404,1.3993157349559735,1,
920.600000000,-23.31799321725539,4.070203871748408,1.4079521376482802,1,
920.700000000,-23.305833810788513,4.144211633735738,1.4165885403405867,1,
920.800000000,-23.294314010677734,4.218321647940349,1.4252249430328927,1,
920.900000000,-23.283434676150243,4.292528386719512,1.433861345725199,1,
921.000000000,-23.273196618662833,4.366826315216103,1.442497748417505,1,
921.100000000,-23.26360060184137,4.44120989177143,1.4511341511098113,1,
921.200000000,-23.25464734142385,4.515673568338572,1.459770553802118,1,
921.300000000,-23.246337505206995,4.59021179089619,1.4684069564944244,1,
921.400000000,-23.238671712996457,4.664818999862783,1.47704335918673,1,
921.500000000,-23.23165053656059,4.739489630511361,1.4856797618790363,1,
921.600000000,-23.225274499587794,4.814218113384504,1.4943161645713425,1,
921.700000000,-23.21954407764746,4.888998874709766,1.5029525672636488,1,
921.800000000,-23.2144596981545,4.96382633681541,1.5115889699559553,1,
921.900000000,-23.210021740337467,5.038694918546429,1.5202253726482615,1,
922.000000000,-23.206230535210267,5.113599035680826,1.5326843107336934,1,
922.100000000,-23.203372825938988,5.1885445725574195,1.5451432488191248,1,
922.200000000,-23.201449056106213,5.263519895895372,1.5576021869045558,1,
922.300000000,-23.200459524325513,5.338513367790298,1.5700611249899872,1,
922.400000000,-23.200404384195114,5.413513347520735,1.5825200630754184,1,
922.500000000,-23.201283644274035,5.488508193355056,1.5949790011608498,1,
922.600000000,-23.203097168080774,5.5634862643585326,1.6074379392462814,1,
922.700000000,-23.20584467411449,5.638435922200278,1.6198968773317128,1,
922.800000000,-23.209525735898698,5.713345532959785,1.6183502481931429,1,
922.900000000,-23.21309093593967,5.788260747360251,1.6168036190545725,1,
923.000000000,-23.216540265709238,5.863181386199898,1.6152569899160025,1,
923.100000000,-23.219873716956386,5.938107270263971,1.6137103607774321,1,
923.200000000,-23.223091281707298,6.013038220325169,1.6121637316388615,1,
923.300000000,-23.22619295226536,6.087974057144072,1.6106171025002927,1,
923.400000000,-23.22917872121119,6.162914601469571,1.609070473361722,1,
923.500000000,-23.232048581402644,6.237859674039297,1.6075238442231514,1,
923.600000000,-23.23480252597484,6.312809095580048,1.6059772150845815,1,
923.700000000,-23.23744054834017,6.387762686808221,1.6044305859460117,1,
923.800000000,-23.23996264218833,6.462720268430236,1.605977215084581,1,
923.900000000,-23.242600664553663,6.537673859658409,1.6075238442231514,1,
924.000000000,-23.245354609125858,6.612623281199161,1.6090704733617214,1,
924.100000000,-23.24822446931731,6.687568353768887,1.6106171025002913,1,
924.200000000,-23.25121023826314,6.762508898094386,1.6121637316388606,1,
924.300000000,-23.254311908821204,6.837444734913289,1.6137103607774308,1,
924.400000000,-23.257529473572117,6.912375684974487,1.6152569899160005,1,
924.500000000,-23.260862924819264,6.98730156903856,1.6168036190545707,1,
924.600000000,-23.26431225458883,7.062222207878206,1.613756744348823,1,
924.700000000,-23.26753329490135,7.1371530086166555,1.6107098696430755,1,
924.800000000,-23.2705260158545,7.212093275638441,1.6076629949373273,1,
924.900000000,-23.273290389665533,7.28704231324022,1.6046161202315796,1,
925.000000000,-23.275826390671558,7.361999425637226,1.6015692455258321,1,
925.100000000,-23.278133995329767,7.436963916969733,1.5985223708200846,1,
925.200000000,-23.280213182217654,7.5119350913095095,1.5954754961143367,1,
925.300000000,-23.282063932033218,7.586912252666287,1.5924286214085894,1,
925.400000000,-23.283686227595133,7.661894704994213,1.5893817467028413,1,
925.500000000,-23.285080053842922,7.736881752198321,1.5863348719970933,1,
925.600000000,-23.28624539783708,7.811872698140983,1.583287997291346,1,
925.700000000,-23.287182248759215,7.886866846648382,1.5802411225855983,1,
925.800000000,-23.287890597912124,7.961863501516967,1.578694493447028,1,
925.900000000,-23.288482954252355,8.03686116224026,1.5771478643084582,1,
926.000000000,-23.288959316362956,8.111859649419268,1.5756012351698876,1,
926.100000000,-23.289319683104438,8.186858783653015,1.5740546060313176,1,
926.200000000,-23.28956405361478,8.261858385538984,1.572507976892747,1,
926.300000000,-23.289692427309433,8.336858275673533,1.5709613477541773,1,
926.400000000,-23.28970480388132,8.411858274652337,1.5694147186156069,1,
926.500000000,-23.28960118330084,8.486858203070804,1.567868089477037,1,
926.600000000,-23.289381565815855,8.561857881524517,1.591394452196104,1,
926.700000000,-23.290926315980393,8.636841971483182,1.6149208149151715,1,
926.800000000,-23.29400504716355,8.706570437208699,1.645124414448294,1,
926.900000000,-23.29918810461515,8.77617412557064,1.6753280139814162,1,
927.000000000,-23.306470760411994,8.845589544914453,1.7055316135145389,1,
927.100000000,-23.315846371402298,8.914753375322343,1.735735213047661,1,
927.200000000,-23.327306385265516,8.983602526372938,1.7659388125807838,1,
927.300000000,-23.340840348313655,9.052074194691626,1.7961424121139067,1,
927.400000000,-23.356435915027006,9.12010592123904,1.8263460116470283,1,
927.500000000,-23.374078859315578,9.187635648285452,1.8565496111801512,1,
927.600000000,-23.39375308749597,9.254601776019095,1.886753210713274,1,
927.700000000,-23.415440652971835,9.320943218736772,1.916956810246396,1,
927.800000000,-23.439121772604555,9.386599460565508,1.9471604097795185,1,
927.900000000,-23.464774844759184,9.45151061066441,1.977364009312641,1,
928.000000000,-23.490630757379712,9.511562911368149,2.0119820007991924,1,
928.100000000,-23.51854965344951,9.570684331170927,2.046599992285743,1,
928.200000000,-23.548498078155834,9.628804025723312,2.0812179837722944,1,
928.300000000,-23.58044014473087,9.68585235102887,2.115835975258845,1,
928.400000000,-23.61433757745435,9.741760946897571,2.150453966745396,1,
928.500000000,-23.650149757518804,9.796462818860823,2.185071958231947,1,
928.600000000,-23.687833771702472,9.849892418449981,2.219689949718498,1,
928.700000000,-23.72734446379162,9.901985721742143,2.254307941205049,1,
928.800000000,-23.768634488690576,9.952680306079094,2.2889259326916,1,
928.900000000,-23.811654369154684,10.00191542486748,2.323543924178151,1,
929.000000000,-23.856352555078175,10.049632080370584,2.358161915664702,1,
929.100000000,-23.90267548526591,10.095773094404466,2.3927799071512528,1,
929.200000000,-23.950567651615007,10.14028317685376,2.4273978986378038,1,
929.300000000,-23.9999716656294,10.183108991925028,2.4620158901243547,1,
929.400000000,-24.05082832718764,10.224199222058276,2.4966338816109057,1,
929.500000000,-24.10307669548157,10.263504629420048,2.5312518730974567,1,
929.600000000,-24.15880039005324,10.302479243073318,2.563250765414283,1,
929.700000000,-24.21574249014764,10.339651112584791,2.59524965773111,1,
929.800000000,-24.273844696065744,10.374982179842787,2.627248550047936,1,
929.900000000,-24.333047520343754,10.408436271425813,2.6592474423647623,1,
930.000000000,-24.393290348658862,10.439979135638424,2.6912463346815887,1,
930.100000000,-24.454511501888703,10.469578477579537,2.723245226998415,1,
930.200000000,-24.517463665076423,10.497566497215809,2.754351801381933,1,
930.300000000,-24.581255844884407,10.523583066715261,2.785458375765451,1,
930.400000000,-24.64667263440936,10.547917839497863,2.8156619752985734,1,
930.500000000,-24.712794473712396,10.570265991218223,2.845865574831696,1,
930.600000000,-24.78221985725364,10.591417170836301,2.8732897091524974,1,
930.700000000,-24.85219911568635,10.610656704829955,2.900713843473299,1,
930.800000000,-24.924543103085707,10.628427885394343,2.9262190961988055,1,
930.900000000,-24.997316770541644,10.6443483343988,2.951724348924312,1,
931.000000000,-25.07047278004589,10.658407695867417,2.9772296016498188,1,
931.100000000,-25.14396354488331,10.670596824429454,3.0027348543753254,1,
931.200000000,-25.21494040099944,10.680516350979728,3.0272718386890345,1,
931.300000000,-25.286139262741667,10.68869150833125,3.0518088230027436,1,
931.400000000,-25.360837173146795,10.695416252274907,3.0732383980184945,1,
931.500000000,-25.435662029946705,10.700538830226789,3.0946679730342455,1,
931.600000000,-25.510579472885386,10.704056889852424,3.1083408466202656,1,
931.700000000,-25.58553801360566,10.706550315826213,3.1220137202062856,1,
931.800000000,-25.66052363901614,10.708018642015734,3.134472658291717,1,
931.900000000,-25.735521737986684,10.708552637151309,-3.136253710802438,1,
932.000000000,-25.810520669077594,10.70815221834454,-3.123794772717007,1,
932.100000000,-25.885508790720017,10.70681744774969,-3.111335834631576,1,
932.200000000,-25.96047446302298,10.704548532554028,-3.0988768965461446,1,
932.300000000,-26.035406049580153,10.701345824945673,-3.0864179584607134,1,
932.400000000,-26.11029191927612,10.697209822058925,-3.0739590203752822,1,
932.500000000,-26.18512044809176,10.692141165897098,-3.061500082289851,1,
932.600000000,-26.259880020908597,10.686140643232871,-3.054204116570785,1,
932.700000000,-26.334593824747273,10.67959484183383,-3.046908150851719,1,
932.800000000,-26.40925788252629,10.672504110138739,-3.0409890804762583,1,
932.900000000,-26.483878662071938,10.664971563424661,-3.0350700101007977,1,
933.000000000,-26.55845354902343,10.656997465596568,-3.029150939725337,1,
933.100000000,-26.63297993062784,10.648582096029303,-3.0232318693498765,1,
933.200000000,-26.707455195831642,10.639725749557796,-3.017312798974416,1,
933.300000000,-26.781876735372183,10.63042873646673,-3.0113937285989554,1,
933.400000000,-26.85624194186911,10.62069138247967,-3.005474658223495,1,
933.500000000,-26.930548209915713,10.610514028747655,-2.999555587848034,1,
933.600000000,-27.004792936170205,10.599897031837244,-2.9936365174725736,1,
933.700000000,-27.078973519446933,10.588840763718022,-2.987717447097113,1,
933.800000000,-27.15308736080752,10.577345611749568,-2.9817983767216525,1,
933.900000000,-27.227131863651902,10.565411978667886,-2.975879306346192,1,
934.000000000,-27.301104433809318,10.553040282571294,-2.983175272065258,1,
934.100000000,-27.375165297824047,10.541208612300716,-2.990471237784324,1,
934.200000000,-27.449310513371156,10.529917597666369,-2.99776720350339,1,
934.300000000,-27.523536133635595,10.519167839698895,-3.0050631692224563,1,
934.400000000,-27.597838207522308,10.508959910617365,-3.0123591349415224,1,
934.500000000,-27.67221277986654,10.499294353798824,-3.0196551006605885,1,
934.600000000,-27.746655891644387,10.490171683749363,-3.0295975471223366,1,
934.700000000,-27.821186024182524,10.481789599053545,-3.0395399935840848,1,
934.800000000,-27.89579581007097,10.474148928292406,-3.048176396276391,1,
934.900000000,-27.970468800589046,10.467152894624128,-3.0568127989686973,1,
935.000000000,-28.04519942610331,10.46080201986179,-3.0654492016610035,1,
935.100000000,-28.119982112681505,10.455096777698008,-3.07408560435331,1,
935.200000000,-28.194811282508297,10.450037593669613,-3.082722007045616,1,
935.300000000,-28.269681354301305,10.445624845125902,-3.0913584097379223,1,
935.400000000,-28.34458674372739,10.441858861200497,-3.0999948124302286,1,
935.500000000,-28.419521863819185,10.438739922786795,-3.108631215122535,1,
935.600000000,-28.494481125391793,10.436268262517016,-3.117267617814841,1,
935.700000000,-28.569458937459686,10.434444064744858,-3.1259040205071473,1,
935.800000000,-28.644449707653703,10.433267465531735,-3.1345404231994536,1,
935.900000000,-28.719447842638175,10.43273855263664,3.1400084812878264,1,
936.000000000,-28.794447748528125,10.43285736550959,3.13137207859552,1,
936.100000000,-28.86944383130648,10.433623895288695,3.122735675903214,1,
936.200000000,-28.944430497241324,10.435038084800805,3.115439710184148,1,
936.300000000,-29.01940484958641,10.436999331963909,3.1081437444650817,1,
936.400000000,-29.094362897391015,10.439507532379093,3.1008477787460156,1,
936.500000000,-29.169300650572314,10.442562552532644,3.0935518130269495,1,
936.600000000,-29.24421412012779,10.446164229803152,3.0862558473078834,1,
936.700000000,-29.319099318347558,10.450312372470167,3.0789598815888173,1,
936.800000000,-29.393952259026648,10.455006759724407,3.071663915869751,1,
936.900000000,-29.46876895767718,10.460247141679508,3.064367950150685,1,
937.000000000,-29.543545431740476,10.466033239385329,3.0519090120652534,1,
937.100000000,-29.61824401551649,10.472750499381632,3.039450073979822,1,
937.200000000,-29.692853114057215,10.480397878994294,3.02699113589439,1,
937.300000000,-29.76736114630483,10.488974191173112,3.0145321978089585,1,
937.400000000,-29.84175654688933,10.498478104676062,3.0045897513472104,1,
937.500000000,-29.916053779833668,10.5087212085423,2.9946473048854623,1,
937.600000000,-29.990245500750323,10.519702490226388,2.987351339166396,1,
937.700000000,-30.06435512867778,10.531224775088956,2.98005537344733,1,
937.800000000,-30.13837871869535,10.543287449788648,2.971418970755024,1,
937.900000000,-30.212295371293422,10.555988964213944,2.9627825680627176,1,
938.000000000,-30.286099573251526,10.56932837099714,2.9554866023436515,1,
938.100000000,-30.35980448788717,10.583205890896327,2.9481906366245854,1,
938.200000000,-30.433406191822918,10.597620785198915,2.9436871360383936,1,
938.300000000,-30.506942232117296,10.612366997520168,2.939183635452202,1,
938.400000000,-30.580411117350337,10.627444228785027,2.93468013486601,1,
938.500000000,-30.65381135746408,10.64285217320488,2.9301766342798183,1,
938.600000000,-30.727141463792776,10.65859051828376,2.9256731336936266,1,
938.700000000,-30.80039994909311,10.674658944824683,2.921169633107435,1,
938.800000000,-30.873585327574332,10.69105712693613,2.9196230039688644,1,
938.900000000,-30.94674525662744,10.707568480028598,2.918076374830294,1,
939.000000000,-31.002002286786258,10.720129201709243,2.875529838073307,1,
939.100000000,-31.056675057148432,10.735028842377258,2.83298330131632,1,
939.200000000,-31.07908996115256,10.742174598228207,2.7565096641502915,1,
939.300000000,-31.100893424021947,10.751011948232534,2.680036026984263,1,
939.400000000,-31.102278214585773,10.751700727823488,2.5815826562968565,1,
939.500000000,-31.10358859596239,10.752522289067945,2.48312928560945,1,
939.600000000,-31.104811876794848,10.753468674948817,2.384675914922043,1,
939.700000000,-31.1059362093158,10.754530719492564,2.2862225442346364,1,
939.800000000,-31.10695070409595,10.755698136543845,2.1877691735472298,1,
939.900000000,-31.107845535510787,10.756959619389388,2.089315802859823,1,
940.000000000,-31.1086120369041,10.75830295026621,1.9908624321724169,1,
940.100000000,-31.10924278452662,10.759715118693578,1.8924090614850102,1,
940.200000000,-31.10973166943682,10.76118244748262,1.7939556907976029,1,
940.300000000,-31.110073956667442,10.762690725203175,1.6955023201101969,1,
940.400000000,-31.110266331084823,10.764225343824888,1.59704894942279,1,
940.500000000,-31.11030692949673,10.76577144019948,1.4985955787353833,1,
940.600000000,-31.11019535869784,10.767314040013886,1.4001422080479764,1,
940.700000000,-31.109932699278016,10.768838202820069,1.30168883736057,1,
940.800000000,-31.10952149515654,10.77032916673682,1.203235466673163,1,
940.900000000,-31.108965728943645,10.771772491422114,1.1047820959857564,1,
941.000000000,-31.108270783367992,10.773154197931273,1.0063287252983502,1,
941.100000000,-31.10744338914364,10.774460904106387,0.9078753546109432,1,
941.200000000,-31.106491559781485,10.775679954185717,0.8094219839235364,1,
941.300000000,-31.105424513976484,10.776799541377766,0.7109686132361297,1,
941.400000000,-31.10425258632239,10.777808822212886,0.612515242548723,1,
941.500000000,-31.10298712721874,10.778698021564868,0.5140618718613164,1,
941.600000000,-31.090048229222823,10.786004664465729,0.42892128341862407,1,
941.700000000,-31.07653485885547,10.792184545786936,0.34378069497593167,1,
941.800000000,-31.061452202083007,10.797584082121533,0.25980073018015587,1,
941.900000000,-31.04596978023897,10.801699436515483,0.17582076538438007,1,
942.000000000,-31.031339451692986,10.804298589928814,0.09068017694168769,1,
942.100000000,-31.016541091969952,10.80564419809507,0.005539588498995329,1,
942.200000000,-30.985434994767015,10.805816514836017,-0.06335383701492774,1,
942.300000000,-30.954390825767398,10.803847112037952,-0.13224726252885086,1,
942.400000000,-30.922671345494745,10.7996276704606,-0.20024837011064722,1,
942.500000000,-30.89131188041311,10.79326268296764,-0.2682494776924436,1,
942.600000000,-30.855478754056364,10.783413072324137,-0.3310872956476936,1,
942.700000000,-30.820334870415994,10.771332707387625,-0.3939251136029438,1,
942.800000000,-30.755884200259327,10.744543742598198,-0.4241287131360665,1,
942.900000000,-30.692271925817636,10.715820649824476,-0.454332312669189,1,
943.000000000,-30.624880356966326,10.68290596544563,-0.47476239507983425,1,
943.100000000,-30.558175254787496,10.648621430399752,-0.4951924774904793,1,
943.200000000,-30.492184460239777,10.61298135415179,-0.48273353940504804,1,
943.300000000,-30.425754761325116,10.578166197939195,-0.47027460131961685,1,
943.400000000,-30.358896469469325,10.544181365879497,-0.45781566323418527,1,
943.500000000,-30.291619962625756,10.511032133204711,-0.44535672514875396,1,
943.600000000,-30.223935683664397,10.478723645442502,-0.4328977870633226,1,
943.700000000,-30.155854138750904,10.447260917617474,-0.42043884897789136,1,
943.800000000,-30.08738589571579,10.41664883347273,-0.4079799108924599,1,
943.900000000,-30.018541582414073,10.386892144711796,-0.3955209728070287,1,
944.000000000,-29.949331885075566,10.35799547026105,-0.38306203472159706,1,
944.100000000,-29.87976754664614,10.329963295552758,-0.3706030966361658,1,
944.200000000,-29.809859365120165,10.302799971828826,-0.35965455051681317,1,
944.300000000,-29.739657980561322,10.27640365378972,-0.3487060043974604,1,
944.400000000,-29.669171807972006,10.250777505547953,-0.3388102030972762,1,
944.500000000,-29.598435499467918,10.225850117814494,-0.328914401797092,1,
944.600000000,-29.530610627200502,10.202700651016752,-0.3198607963522426,1,
944.700000000,-29.462578951365476,10.180166184211673,-0.31080719090739334,1,
944.800000000,-29.39910648342514,10.159777700746552,-0.3023852323540451,1,
944.900000000,-29.335464557570262,10.139924496523392,-0.2939632738006968,1,
945.000000000,-29.281228718313884,10.123505457231545,-0.2840733572748785,1,
945.100000000,-29.226833151170858,10.107623600088893,-0.2741834407490602,1,
945.200000000,-29.175491998589024,10.093183015058734,-0.2648752840188783,1,
945.300000000,-29.12401865684785,10.079220940197143,-0.25556712728869624,1,
945.400000000,-29.07564265260659,10.066581232382095,-0.2468407303541508,1,
945.500000000,-29.027158192562432,10.054364148678262,-0.2381143334196052,1,
945.600000000,-28.981808250368992,10.043356854695212,-0.22996969628069597,1,
945.700000000,-28.936370162889816,10.032719280535067,-0.2218250591417867,1,
945.800000000,-28.89572443196048,10.023552183484671,-0.211126877472553,1,
945.900000000,-28.85498295758418,10.014820438140445,-0.20042869580331926,1,
946.000000000,-28.817417007019557,10.007188675393824,-0.19058636866762418,1,
946.100000000,-28.77977776288058,9.999927012699171,-0.18074404153192916,1,
946.200000000,-28.74534790535434,9.99363535864617,-0.17175756892977276,1,
946.300000000,-28.710862899023624,9.987653357445016,-0.1627710963276164,1,
946.400000000,-28.636854248468694,9.975499360446568,-0.1423410139169714,1,
946.500000000,-28.56261275266052,9.964859797477864,-0.12191093150632634,1,
946.600000000,-28.532835410816553,9.961211522171997,-0.11907509657420763,1,
946.700000000,-28.50304784281391,9.957647705048766,-0.11623926164208886,1,
946.800000000,-28.474905707903467,9.954361670894922,-0.11400937995128324,1,
946.900000000,-28.44675631549826,9.951138398490139,-0.11177949826047764,1,
947.000000000,-28.42191233614758,9.948349726759181,-0.10981195559211972,1,
947.100000000,-28.397062918058115,9.945609941983895,-0.10784441292376179,1,
947.200000000,-28.373865141469537,9.943098447251483,-0.10600803976662773,1,
947.300000000,-28.350662791956573,9.940629556504074,-0.10417166660949366,1,
947.400000000,-28.32911357949176,9.938376583670042,-0.10246646296358346,1,
947.500000000,-28.307560556580846,9.936160359889369,-0.10076125931767331,1,
947.600000000,-28.27771272024515,9.933142634574226,-0.0998184713374508,1,
947.700000000,-28.247862052099837,9.930153050777399,-0.09887568335722828,1,
947.800000000,-28.21966710497887,9.927356135579577,-0.09798527248701813,1,
947.900000000,-28.19146967863146,9.924584326574582,-0.09709486161680801,1,
948.000000000,-28.16658742873318,9.922160767208764,-0.09630920496662261,1,
948.100000000,-28.141703282428928,9.919756757494017,-0.09552354831643721,1,
948.200000000,-28.118476323568622,9.917531262819551,-0.09479026877626413,1,
948.300000000,-28.095247739043305,9.915322800595595,-0.09405698923609113,1,
948.400000000,-28.0736768411787,9.913287902622919,-0.0933760868059304,1,
948.500000000,-28.05210456274766,9.911267692797603,-0.09269518437576969,1,
948.600000000,-28.03053091375171,9.909262172056271,-0.092014281945609,1,
948.700000000,-28.008955904192995,9.907271341328743,-0.09133337951544829,1,
948.800000000,-27.989039264083424,9.905447212291152,-0.09070485419529994,1,
948.900000000,-27.969121481396616,9.903635601725645,-0.09007632887515163,1,
949.000000000,-27.950862473783943,9.901986434629366,-0.08950018066501568,1,
949.100000000,-27.93260251903716,9.900347787700778,-0.08892403245487969,1,
949.200000000,-27.91268154177946,9.898571650009556,-0.0882955071347314,1,
949.300000000,-27.892759452109154,9.896808033506945,-0.08766698181458303,1,
949.400000000,-27.872836257896346,9.895056938889649,-0.08703845649443472,1,
949.500000000,-27.852911967011575,9.89331836684943,-0.08640993117428639,1,
949.600000000,-27.831326139018667,9.891448480675072,-0.08572902874412566,1,
949.700000000,-27.809739042819718,9.889593292775782,-0.085048126313965,1,
949.800000000,-27.789811331069,9.887894380070454,-0.0847339412078508,1,
949.900000000,-27.76988308652878,9.886201728439106,-0.08441975610173656,1,
950.000000000,-27.749954311166213,9.884515338048823,-0.08410557099562237,1,
950.100000000,-27.730025006948523,9.882835209066073,-0.08379138588950816,1,
950.200000000,-27.700130260290194,9.88032440795202,-0.08332010823033682,1,
950.300000000,-27.67023433366729,9.877827695842502,-0.08284883057116553,1,
950.400000000,-27.641998183716854,9.875482996767067,-0.0824037350041704,1,
950.500000000,-27.613760992948222,9.873150865708643,-0.08195863943717528,1,
950.600000000,-27.587183839072686,9.870967747986862,-0.08153972596235635,1,
950.700000000,-27.56060577299174,9.868795763984192,-0.08112081248753743,1,
950.800000000,-27.535687985220914,9.86676996720069,-0.08072808110489467,1,
950.900000000,-27.510769403777772,9.864753956570409,-0.08033534972225188,1,
951.000000000,-27.477543575415012,9.862078991015586,-0.07771195949777465,1,
951.100000000,-27.444310843914753,9.859491198878898,-0.07508856927329743,1,
951.200000000,-27.414395378582814,9.857240658060867,-0.07272751807126795,1,
951.300000000,-27.38447468299649,9.855060755395481,-0.07036646686923846,1,
951.400000000,-27.35621146611972,9.853068683721448,-0.06813658517843285,1,
951.500000000,-27.32794387743007,9.85113964057768,-0.0659067034876272,1,
951.600000000,-27.30133510571655,9.849383400557365,-0.06380799130804542,1,
951.700000000,-27.274722706763797,9.847683008517093,-0.061709279128463655,1,
951.800000000,-27.2497702920995,9.846141255482065,-0.05974173646010572,1,
951.900000000,-27.224814892270462,9.844648600340127,-0.057774193791747835,1,
952.000000000,-27.203184375669377,9.843397522399071,-0.05606899014583761,1,
952.100000000,-27.18155175717439,9.842183330694803,-0.05436378649992743,1,
952.200000000,-27.159917099687068,9.841006028757851,-0.05265858285401725,1,
952.300000000,-27.138280466114914,9.839865620011478,-0.050953379208107066,1,
952.400000000,-27.118306422966846,9.838846993328579,-0.04937934507342071,1,
952.500000000,-27.098330801209944,9.837859807720285,-0.04780531093873439,1,
952.600000000,-27.07835365033547,9.836904065632433,-0.04686213488226413,1,
952.700000000,-27.05837560691372,9.835967165937275,-0.04591895882579387,1,
952.800000000,-27.03839668871679,9.835049109468256,-0.044975782769323625,1,
952.900000000,-27.01841691351754,9.834149897042064,-0.04403260671285336,1,
953.000000000,-26.9984362990896,9.83326952945862,-0.04308943065638311,1,
953.100000000,-26.978454863207347,9.832408007501085,-0.04214625459991285,1,
953.200000000,-26.921838517783197,9.830020426732919,-0.039473922439913794,1,
953.300000000,-26.86521599411648,9.827784151990612,-0.03680159027991475,1,
953.400000000,-26.8102532347319,9.825760521383797,-0.03420785612462156,1,
953.500000000,-26.755285411473075,9.823879456210365,-0.03161412196932836,1,
953.600000000,-26.698647060274684,9.822088287698268,-0.029833300228908087,1,
953.700000000,-26.642005609135467,9.820397984780202,-0.028052478488487822,1,
953.800000000,-26.587027248608933,9.818855300815597,-0.026324033858079913,1,
953.900000000,-26.532046303764393,9.817407646160119,-0.024595589227671997,1,
954.000000000,-26.475396776285613,9.816014036622859,-0.022814767487251718,1,
954.100000000,-26.418744856865025,9.81472131195219,-0.02103394574683145,1,
954.200000000,-26.362090725164286,9.813529476247764,-0.019253124006411177,1,
954.300000000,-26.305434560852074,9.812438533289278,-0.017472302265990905,1,
954.400000000,-26.23044600861133,9.811128177292911,-0.014425427560243342,1,
954.500000000,-26.155453811962023,9.810046307748376,-0.011378552854495776,1,
954.600000000,-26.08045866708958,9.809192934699144,-0.008331678148748209,1,
954.700000000,-26.0054612702068,9.80856806606745,-0.005284803443000641,1,
954.800000000,-25.93046231754739,9.808171707654223,-0.003738174304430654,1,
954.900000000,-25.8554628415698,9.807891345234353,-0.002191545165860667,1,
955.000000000,-25.78046302167736,9.807726979478485,-0.0006449160272906799,1,
955.100000000,-25.705463037274235,9.80767861077979,0.0009017131112793072,1,
955.200000000,-25.63046306776498,9.807746239253971,0.002448342249849294,1,
955.300000000,-25.55546329255411,9.807929864739256,0.003994971388419282,1,
955.400000000,-25.480463891045677,9.808229486796401,0.005541600526989268,1,
955.500000000,-25.405465042642845,9.808645104708694,0.007088229665559255,1,
955.600000000,-25.330466926747448,9.809176717481948,0.007088229665559137,1,
955.700000000,-25.25546881085205,9.809708330255203,0.007088229665559019,1,
955.800000000,-25.180470694956654,9.810239943028458,0.007088229665558901,1,
955.900000000,-25.105472579061257,9.810771555801713,0.007088229665558783,1,
956.000000000,-25.03047446316586,9.811303168574968,0.007088229665558665,1,
956.100000000,-24.955476347270462,9.811834781348223,0.007088229665558547,1,
956.200000000,-24.880478231375065,9.812366394121478,0.007088229665558429,1,
956.300000000,-24.805480115479668,9.812898006894732,0.007088229665558311,1,
956.400000000,-24.73048199958427,9.813429619667987,0.007088229665558193,1,
956.500000000,-24.655483883688873,9.813961232441242,0.007088229665558075,1,
956.600000000,-24.580485767793476,9.814492845214497,0.007088229665557957,1,
956.700000000,-24.50548765189808,9.815024457987752,0.0070882296655578395,1,
956.800000000,-24.430489536002682,9.815556070761007,0.0070882296655577215,1,
956.900000000,-24.355491420107285,9.816087683534262,0.007088229665557604,1,
957.000000000,-24.337158547332855,9.81621763332328,-0.00414645143449892,1,
957.100000000,-24.31882537160234,9.816141615264812,-0.015381132534555444,1,
957.200000000,-24.29882773734808,9.815834004743499,-0.028518676963567722,1,
957.300000000,-24.278835869946217,9.815263708516637,-0.04165622139258,1,
957.400000000,-24.25885321984495,9.814430825013128,-0.054793765821592275,1,
957.500000000,-24.238883235901643,9.813335497982495,-0.06793131025060453,1,
957.600000000,-24.21726654219473,9.811864784677367,-0.08265596169053274,1,
957.700000000,-24.195673846819332,9.810075944027725,-0.09738061313046092,1,
957.800000000,-24.17410983131889,9.807969363874692,-0.11260820148467693,1,
957.900000000,-24.152580392791844,9.805534672692104,-0.1278357898388929,1,
958.000000000,-24.094333195758995,9.79804776811403,-0.16910939285810817,1,
958.100000000,-24.03644452783466,9.788163850454984,-0.21038299587732337,1,
958.200000000,-23.9790129889629,9.775899754680484,-0.2516565988965386,1,
958.300000000,-23.922136400474262,9.761276369838434,-0.29293020191575386,1,
958.400000000,-23.865911638469793,9.744318603479465,-0.3342038049349691,1,
958.500000000,-23.810434468815025,9.725055339232695,-0.3754774079541843,1,
958.600000000,-23.74880366589018,9.700761829020145,-0.4092314231127732,1,
958.700000000,-23.688027816463723,9.674402264643982,-0.4429854382713622,1,
958.800000000,-23.62738756658656,9.645632542003558,-0.47586661195585134,1,
958.900000000,-23.56772590680815,9.614884807152725,-0.5087477856403403,1,
959.000000000,-23.509107335808142,9.582192300673585,-0.5416289593248296,1,
959.100000000,-23.45159522460984,9.547590365590617,-0.5745101330093185,1,
959.200000000,-23.39525174807143,9.51111640916226,-0.6073913066938076,1,
959.300000000,-23.340137817670353,9.472809862440883,-0.6402724803782965,1,
959.400000000,-23.28631301565347,9.432712137644893,-0.6731536540627858,1,
959.500000000,-23.233835530624233,9.390866583389059,-0.7060348277472748,1,
959.600000000,-23.176764990071664,9.342204961950417,-0.7184937658327062,1,
959.700000000,-23.120305135297055,9.29283609728016,-0.7309527039181378,1,
959.800000000,-23.064464730175803,9.242767652568002,-0.7382486696372043,1,
959.900000000,-23.00899110568686,9.192293134382487,-0.7455446353562706,1,
960.000000000,-22.953887214740057,9.141415229526617,-0.7528406010753369,1,
960.100000000,-22.89915599056398,9.090136646276022,-0.760136566794403,1,
960.200000000,-22.844800346549835,9.038460114234796,-0.7674325325134697,1,
960.300000000,-22.79082317609637,8.986388384190198,-0.7747284982325358,1,
960.400000000,-22.737227352455847,8.93392422796622,-0.781942821349848,1,
960.500000000,-22.684011413637545,8.881074782787609,-0.7891571444671608,1,
960.600000000,-22.631178129330582,8.827842799268868,-0.789157144467161,1,
960.700000000,-22.57834484502362,8.774610815750126,-0.789157144467161,1,
960.800000000,-22.525511560716655,8.721378832231384,-0.789157144467161,1,
960.900000000,-22.47267827640969,8.668146848712642,-0.7891571444671612,1,
961.000000000,-22.41984499210273,8.6149148651939,-0.7891571444671613,1,
961.100000000,-22.367011707795765,8.561682881675157,-0.7891571444671612,1,
961.200000000,-22.3141784234888,8.508450898156415,-0.7891571444671617,1,
961.300000000,-22.261345139181838,8.455218914637673,-0.7891571444671619,1,
961.400000000,-22.208511854874875,8.40198693111893,-0.7891571444671619,1,
961.500000000,-22.15567857056791,8.348754947600188,-0.7891571444671619,1,
961.600000000,-22.102845286260948,8.295522964081446,-0.7891571444671619,1,
961.700000000,-22.050012001953984,8.242290980562704,-0.7891571444671621,1,
961.800000000,-21.99717871764702,8.189058997043961,-0.7891571444671621,1,
961.900000000,-21.944345433340057,8.135827013525219,-0.7891571444671622,1,
962.000000000,-21.891512149033094,8.082595030006477,-0.7891571444671622,1,
962.100000000,-21.83867886472613,8.029363046487735,-0.7891571444671623,1,
962.200000000,-21.785845580419167,7.976131062968993,-0.7891571444671628,1,
962.300000000,-21.733012296112204,7.922899079450252,-0.7891571444671626,1,
962.400000000,-21.68017901180524,7.8696670959315105,-0.7891571444671629,1,
962.500000000,-21.627345727498277,7.816435112412769,-0.7891571444671629,1,
962.600000000,-21.574512443191313,7.763203128894028,-0.7891571444671631,1,
962.700000000,-21.52167915888435,7.709971145375286,-0.7891571444671633,1,
962.800000000,-21.468845874577386,7.656739161856545,-0.7891571444671632,1,
962.900000000,-21.416012590270423,7.603507178337804,-0.7891571444671633,1,
963.000000000,-21.36317930596346,7.550275194819062,-0.7891571444671635,1,
963.100000000,-21.310346021656496,7.497043211300321,-0.7891571444671638,1,
963.200000000,-21.257512737349533,7.4438112277815796,-0.7891571444671641,1,
963.300000000,-21.20467945304257,7.390579244262838,-0.7891571444671641,1,
963.400000000,-21.151846168735606,7.337347260744097,-0.7891571444671642,1,
963.500000000,-21.099012884428642,7.2841152772253555,-0.7891571444671641,1,
963.600000000,-21.04617960012168,7.230883293706614,-0.7891571444671642,1,
963.700000000,-20.993346315814716,7.177651310187873,-0.7891571444671646,1,
963.800000000,-20.940513031507752,7.124419326669131,-0.7891571444671648,1,
963.900000000,-20.88767974720079,7.07118734315039,-0.789157144467165,1,
964.000000000,-20.834846462893825,7.017955359631649,-0.7891571444671648,1,
964.100000000,-20.782013178586862,6.964723376112907,-0.789157144467165,1,
964.200000000,-20.7291798942799,6.911491392594166,-0.789157144467165,1,
964.300000000,-20.676346609972935,6.8582594090754245,-0.789157144467165,1,
964.400000000,-20.62351332566597,6.805027425556683,-0.7891571444671651,1,
964.500000000,-20.570680041359008,6.751795442037942,-0.7891571444671653,1,
964.600000000,-20.517846757052045,6.6985634585192,-0.7891571444671653,1,
964.700000000,-20.46501347274508,6.645331475000459,-0.7891571444671655,1,
964.800000000,-20.412180188438118,6.592099491481718,-0.7891571444671659,1,
964.900000000,-20.359346904131154,6.538867507962976,-0.7891571444671658,1,
965.000000000,-20.30651361982419,6.485635524444235,-0.7891571444671659,1,
965.100000000,-20.253680335517227,6.432403540925494,-0.7891571444671661,1,
965.200000000,-20.200847051210264,6.379171557406752,-0.7891571444671661,1,
965.300000000,-20.1480137669033,6.325939573888011,-0.7891571444671664,1,
965.400000000,-20.095180482596337,6.2727075903692695,-0.7891571444671663,1,
965.500000000,-20.042347198289374,6.219475606850528,-0.7891571444671664,1,
965.600000000,-19.98951391398241,6.166243623331787,-0.7891571444671664,1,
965.700000000,-19.936680629675447,6.113011639813045,-0.7891571444671664,1,
965.800000000,-19.883847345368483,6.059779656294304,-0.7891571444671664,1,
965.900000000,-19.83101406106152,6.006547672775563,-0.7891571444671669,1,
966.000000000,-19.778180776754557,5.953315689256821,-0.7891571444671668,1,
966.100000000,-19.725347492447593,5.90008370573808,-0.7891571444671669,1,
966.200000000,-19.67251420814063,5.846851722219339,-0.789157144467167,1,
966.300000000,-19.619680923833666,5.793619738700597,-0.7891571444671672,1,
966.400000000,-19.566847639526703,5.740387755181856,-0.7891571444671674,1,
966.500000000,-19.51401435521974,5.6871557716631145,-0.7891571444671672,1,
966.600000000,-19.461181070912776,5.633923788144373,-0.7891571444671674,1,
966.700000000,-19.408347786605813,5.580691804625632,-0.7891571444671676,1,
966.800000000,-19.35551450229885,5.52745982110689,-0.7891571444671679,1,
966.900000000,-19.302681217991886,5.474227837588149,-0.7891571444671682,1,
967.000000000,-19.249847933684922,5.420995854069408,-0.789157144467168,1,
967.100000000,-19.19701464937796,5.367763870550666,-0.7891571444671682,1,
967.200000000,-19.144181365070995,5.314531887031925,-0.7891571444671682,1,
967.300000000,-19.091348080764032,5.2612999035131836,-0.7891571444671682,1,
967.400000000,-19.03851479645707,5.208067919994442,-0.7891571444671682,1,
967.500000000,-18.985681512150105,5.154835936475701,-0.7891571444671686,1,
967.600000000,-18.93284822784314,5.1016039529569595,-0.7891571444671688,1,
967.700000000,-18.880014943536178,5.048371969438218,-0.7891571444671689,1,
967.800000000,-18.827181659229215,4.995139985919477,-0.7891571444671691,1,
967.900000000,-18.77434837492225,4.941908002400735,-0.7891571444671691,1,
968.000000000,-18.721515090615288,4.888676018881994,-0.7891571444671691,1,
968.100000000,-18.668681806308324,4.835444035363253,-0.7891571444671692,1,
968.200000000,-18.61584852200136,4.782212051844511,-0.7891571444671694,1,
968.300000000,-18.563015237694398,4.72898006832577,-0.7891571444671696,1,
968.400000000,-18.510181953387434,4.675748084807028,-0.7891571444671694,1,
968.500000000,-18.45734866908047,4.622516101288285,-0.7891571444671696,1,
968.600000000,-18.404515384773507,4.569284117769543,-0.7891571444671699,1,
968.700000000,-18.351682100466544,4.516052134250801,-0.78915714446717,1,
968.800000000,-18.29884881615958,4.462820150732059,-0.7891571444671701,1,
968.900000000,-18.246015531852617,4.409588167213316,-0.7891571444671701,1,
969.000000000,-18.193182247545653,4.356356183694574,-0.7917759999677884,1,
969.100000000,-18.14048855112809,4.30298602013989,-0.7943948554684067,1,
969.200000000,-18.087934803994386,4.249478042583206,-0.7968565796389879,1,
969.300000000,-18.03551293784934,4.195840854459005,-0.7993183038095688,1,
969.400000000,-17.983223270373806,4.14207478081309,-0.801675273760125,1,
969.500000000,-17.931060473043402,4.088185611449783,-0.8040322437106816,1,
969.600000000,-17.879024835638365,4.0341736457398465,-0.8053937125038435,1,
969.700000000,-17.82706278204293,3.980090885213545,-0.8067551812970054,1,
969.800000000,-17.775174408573807,3.925937430118521,-0.8080642859058148,1,
969.900000000,-17.723356972084055,3.871716094136914,-0.8093733905146241,1,
970.000000000,-17.671610561376042,3.8174269701907897,-0.8106039488469049,1,
970.100000000,-17.619930995764104,3.763074210388168,-0.8118345071791857,1,
970.200000000,-17.572906143928254,3.7134949026654804,-0.8129079729584096,1,
970.300000000,-17.525934540866423,3.663865143949098,-0.8139814387376334,1,
970.400000000,-17.479016240705338,3.614184991428814,-0.8150549045168567,1,
970.500000000,-17.4321512975103,3.5644545023524925,-0.8161283702960807,1,
970.600000000,-17.380772786531445,3.5098170737014662,-0.813081495590333,1,
970.700000000,-17.32922804089544,3.455336442305348,-0.8100346208845854,1,
970.800000000,-17.27751753911475,3.4010131139317172,-0.8069877461788378,1,
970.900000000,-17.225641761240627,3.346847592887841,-0.8039408714730902,1,
971.000000000,-17.17360118885865,3.2928403820159913,-0.8008939967673426,1,
971.100000000,-17.121396305084268,3.2389919826887774,-0.7978471220615951,1,
971.200000000,-17.069027594558293,3.1853028948044915,-0.7948002473558475,1,
971.300000000,-17.016495543442417,3.131773616782468,-0.7917533726500998,1,
971.400000000,-16.963800639414696,3.0784046455584564,-0.7887064979443525,1,
971.500000000,-16.91094337166502,3.0251964765800072,-0.7856596232386046,1,
971.600000000,-16.857924230890575,2.9721496038018738,-0.7856596232386049,1,
971.700000000,-16.80490509011613,2.9191027310237403,-0.7856596232386049,1,
971.800000000,-16.751885949341684,2.866055858245607,-0.7856596232386052,1,
971.900000000,-16.69886680856724,2.8130089854674734,-0.7856596232386052,1,
972.000000000,-16.645847667792793,2.75996211268934,-0.7856596232386052,1,
972.100000000,-16.592828527018348,2.7069152399112064,-0.7856596232386052,1,
972.200000000,-16.539809386243903,2.653868367133073,-0.7856596232386055,1,
972.300000000,-16.486790245469457,2.6008214943549395,-0.7856596232386055,1,
972.400000000,-16.433771104695012,2.547774621576806,-0.7856596232386055,1,
972.500000000,-16.380751963920567,2.4947277487986725,-0.7856596232386055,1,
972.600000000,-16.32773282314612,2.441680876020539,-0.7856596232386057,1,
972.700000000,-16.274713682371676,2.3886340032424056,-0.7856596232386062,1,
972.800000000,-16.22169454159723,2.335587130464272,-0.785659623238606,1,
972.900000000,-16.168675400822785,2.2825402576861387,-0.7856596232386062,1,
973.000000000,-16.11565626004834,2.229493384908005,-0.7856596232386063,1,
973.100000000,-16.062637119273894,2.1764465121298717,-0.7856596232386065,1,
973.200000000,-16.00961797849945,2.1233996393517383,-0.7856596232386068,1,
973.300000000,-15.956598837725004,2.070352766573605,-0.7856596232386066,1,
973.400000000,-15.903579696950558,2.0173058937954713,-0.7856596232386068,1,
973.500000000,-15.850560556176113,1.9642590210173376,-0.7856596232386068,1,
973.600000000,-15.797541415401668,1.911212148239204,-0.785659623238607,1,
973.700000000,-15.744522274627222,1.8581652754610702,-0.785659623238607,1,
973.800000000,-15.691503133852777,1.8051184026829366,-0.7856596232386074,1,
973.900000000,-15.638483993078331,1.7520715299048029,-0.7856596232386073,1,
974.000000000,-15.585464852303886,1.6990246571266692,-0.7856596232386074,1,
974.100000000,-15.53244571152944,1.6459777843485355,-0.7856596232386075,1,
974.200000000,-15.479426570754995,1.5929309115704018,-0.7856596232386076,1,
974.300000000,-15.42640742998055,1.539884038792268,-0.785659623238608,1,
974.400000000,-15.373388289206105,1.4868371660141344,-0.785659623238608,1,
974.500000000,-15.32036914843166,1.4337902932360007,-0.785659623238608,1,
974.600000000,-15.267350007657214,1.380743420457867,-0.7856596232386083,1,
974.700000000,-15.214330866882769,1.3276965476797333,-0.7856596232386084,1,
974.800000000,-15.161311726108323,1.2746496749015996,-0.7856596232386084,1,
974.900000000,-15.108292585333878,1.221602802123466,-0.7856596232386086,1,
975.000000000,-15.055273444559433,1.1685559293453323,-0.7856596232386087,1,
975.100000000,-15.002254303784987,1.1155090565671986,-0.7856596232386086,1,
975.200000000,-14.949235163010542,1.0624621837890649,-0.7856596232386087,1,
975.300000000,-14.896216022236096,1.0094153110109312,-0.7856596232386087,1,
975.400000000,-14.843196881461651,0.9563684382327975,-0.785659623238609,1,
975.500000000,-14.790177740687206,0.9033215654546638,-0.7856596232386092,1,
975.600000000,-14.73715859991276,0.8502746926765301,-0.7856596232386093,1,
975.700000000,-14.684139459138315,0.7972278198983964,-0.7856596232386093,1,
975.800000000,-14.63112031836387,0.7441809471202627,-0.7856596232386093,1,
975.900000000,-14.578101177589424,0.691134074342129,-0.7856596232386096,1,
976.000000000,-14.525082036814979,0.6380872015639953,-0.7856596232386096,1,
976.100000000,-14.472062896040534,0.5850403287858617,-0.7856596232386096,1,
976.200000000,-14.419043755266088,0.531993456007728,-0.7856596232386096,1,
976.300000000,-14.366024614491643,0.4789465832295942,-0.7856596232386097,1,
976.400000000,-14.313005473717197,0.42589971045146047,-0.7856596232386103,1,
976.500000000,-14.259986332942752,0.3728528376733267,-0.7856596232386102,1,
976.600000000,-14.206967192168307,0.319805964895193,-0.7856596232386103,1,
976.700000000,-14.153948051393861,0.26675909211705917,-0.7856596232386105,1,
976.800000000,-14.100928910619416,0.2137122193389254,-0.7856596232386105,1,
976.900000000,-14.04790976984497,0.16066534656079162,-0.7856596232386108,1,
977.000000000,-13.994890629070525,0.10761847378265782,-0.7856596232386107,1,
977.100000000,-13.94187148829608,0.05457160100452402,-0.7856596232386108,1,
977.200000000,-13.888852347521635,0.0015247282263902082,-0.7856596232386109,1,
977.300000000,-13.83583320674719,-0.05152214455174361,-0.7856596232386112,1,
977.400000000,-13.782814065972744,-0.10456901732987742,-0.7856596232386115,1,
977.500000000,-13.729794925198298,-0.15761589010801125,-0.7856596232386115,1,
977.600000000,-13.676775784423853,-0.21066276288614508,-0.7856596232386113,1,
977.700000000,-13.623756643649408,-0.2637096356642789,-0.7856596232386115,1,
977.800000000,-13.570737502874962,-0.31675650844241277,-0.7856596232386116,1,
977.900000000,-13.517718362100517,-0.3698033812205466,-0.7856596232386119,1,
978.000000000,-13.464699221326072,-0.4228502539986805,-0.7856596232386122,1,
978.100000000,-13.411680080551626,-0.47589712677681434,-0.7856596232386119,1,
978.200000000,-13.358660939777181,-0.5289439995549482,-0.7856596232386122,1,
978.300000000,-13.305641799002736,-0.5819908723330821,-0.7856596232386122,1,
978.400000000,-13.25262265822829,-0.635037745111216,-0.7856596232386124,1,
978.500000000,-13.199603517453845,-0.6880846178893499,-0.7856596232386124,1,
978.600000000,-13.1465843766794,-0.7411314906674838,-0.7856596232386125,1,
978.700000000,-13.093565235904954,-0.7941783634456178,-0.7856596232386127,1,
978.800000000,-13.040546095130509,-0.8472252362237517,-0.7856596232386127,1,
978.900000000,-12.987526954356063,-0.9002721090018856,-0.7856596232386128,1,
979.000000000,-12.934507813581618,-0.9533189817800195,-0.7856596232386129,1,
979.100000000,-12.881488672807173,-1.0063658545581533,-0.785659623238613,1,
979.200000000,-12.828469532032727,-1.0594127273362872,-0.7856596232386132,1,
979.300000000,-12.775450391258282,-1.1124596001144211,-0.7856596232386133,1,
979.400000000,-12.722431250483837,-1.165506472892555,-0.7856596232386135,1,
979.500000000,-12.669412109709391,-1.218553345670689,-0.7856596232386137,1,
979.600000000,-12.616392968934946,-1.2716002184488229,-0.7856596232386137,1,
979.700000000,-12.5633738281605,-1.3246470912269568,-0.7856596232386138,1,
979.800000000,-12.510354687386055,-1.3776939640050907,-0.7856596232386138,1,
979.900000000,-12.45733554661161,-1.4307408367832246,-0.785659623238614,1,
980.000000000,-12.404316405837164,-1.4837877095613585,-0.7856596232386143,1,
980.100000000,-12.351297265062719,-1.5368345823394924,-0.7856596232386143,1,
980.200000000,-12.298278124288274,-1.5898814551176264,-0.785659623238614,1,
980.300000000,-12.245258983513828,-1.6429283278957603,-0.7856596232386143,1,
980.400000000,-12.192239842739383,-1.6959752006738942,-0.7856596232386143,1,
980.500000000,-12.139220701964938,-1.749022073452028,-0.7856596232386146,1,
980.600000000,-12.086201561190492,-1.802068946230162,-0.7856596232386149,1,
980.700000000,-12.033182420416047,-1.855115819008296,-0.7856596232386148,1,
980.800000000,-11.980163279641602,-1.9081626917864298,-0.7856596232386149,1,
980.900000000,-11.927144138867156,-1.9612095645645637,-0.785659623238615,1,
981.000000000,-11.87412499809271,-2.0142564373426977,-0.7856596232386152,1,
981.100000000,-11.821105857318265,-2.0673033101208316,-0.7856596232386154,1,
981.200000000,-11.76808671654382,-2.1203501828989655,-0.7856596232386153,1,
981.300000000,-11.715067575769375,-2.1733970556770994,-0.7856596232386154,1,
981.400000000,-11.66204843499493,-2.2264439284552333,-0.7856596232386154,1,
981.500000000,-11.609029294220484,-2.2794908012333672,-0.7856596232386156,1,
981.600000000,-11.556010153446039,-2.332537674011501,-0.785659623238616,1,
981.700000000,-11.502991012671593,-2.385584546789635,-0.7856596232386162,1,
981.800000000,-11.449971871897148,-2.438631419567769,-0.785659623238616,1,
981.900000000,-11.396952731122703,-2.491678292345903,-0.7856596232386162,1,
982.000000000,-11.343933590348257,-2.544725165124037,-0.7856596232386163,1,
982.100000000,-11.290914449573812,-2.5977720379021707,-0.7856596232386163,1,
982.200000000,-11.237895308799366,-2.6508189106803046,-0.7856596232386164,1,
982.300000000,-11.184876168024921,-2.7038657834584385,-0.7856596232386165,1,
982.400000000,-11.131857027250476,-2.7569126562365724,-0.7856596232386168,1,
982.500000000,-11.07883788647603,-2.8099595290147064,-0.7856596232386169,1,
982.600000000,-11.025818745701585,-2.8630064017928403,-0.7856596232386169,1,
982.700000000,-10.97279960492714,-2.9160532745709746,-0.7856596232386169,1,
982.800000000,-10.919780464152694,-2.969100147349109,-0.7856596232386172,1,
982.900000000,-10.866761323378249,-3.0221470201272433,-0.7856596232386172,1,
983.000000000,-10.813742182603804,-3.0751938929053777,-0.7856596232386175,1,
983.100000000,-10.760723041829358,-3.128240765683512,-0.7856596232386175,1,
983.200000000,-10.707703901054913,-3.1812876384616464,-0.7856596232386175,1,
983.300000000,-10.654684760280468,-3.2343345112397808,-0.7856596232386178,1,
983.400000000,-10.601665619506022,-3.287381384017915,-0.785659623238618,1,
983.500000000,-10.548646478731577,-3.3404282567960495,-0.785659623238618,1,
983.600000000,-10.495627337957131,-3.393475129574184,-0.7719867496525982,1,
983.700000000,-10.441887872415741,-3.4457921425176403,-0.7583138760665777,1,
983.800000000,-10.38743812840813,-3.497369515245471,-0.7434544646433439,1,
983.900000000,-10.332228014401366,-3.5481321325081785,-0.7285950532201099,1,
984.000000000,-10.276269720680691,-3.598068786019108,-0.713735641796876,1,
984.100000000,-10.219575602727964,-3.6471684498627868,-0.6988762303736422,1,
984.200000000,-10.162158178493597,-3.695420282929424,-0.6840168189504084,1,
984.300000000,-10.104030125632612,-3.7428136313086067,-0.6691574075271745,1,
984.400000000,-10.045204278705446,-3.7893380306416637,-0.6542979961039407,1,
984.500000000,-9.985693626344103,-3.834983208432174,-0.6394385846807067,1,
984.600000000,-9.925511308384284,-3.879739086314114,-0.6159122219616391,1,
984.700000000,-9.864292798916761,-3.923066838374138,-0.592385859242572,1,
984.800000000,-9.802071980195763,-3.9649424842520076,-0.5678621317399021,1,
984.900000000,-9.73884302675322,-4.0052798050177785,-0.5433384042372325,1,
985.000000000,-9.674643963411249,-4.044054542489663,-0.5188146767345627,1,
985.100000000,-9.609513398399638,-4.081243378197013,-0.494290949231893,1,
985.200000000,-9.543490500137507,-4.11682394740365,-0.46976722172922347,1,
985.300000000,-9.476614973678085,-4.150774852557642,-0.44524349422655374,1,
985.400000000,-9.408927036830768,-4.183075676159425,-0.420719766723884,1,
985.500000000,-9.3404673959748,-4.213706993040549,-0.39619603922121444,1,
985.600000000,-9.27174333523504,-4.242455399029899,-0.3706907864957077,1,
985.700000000,-9.202308470534279,-4.2694418203465085,-0.3451855337702011,1,
985.800000000,-9.132207968047508,-4.294648702791447,-0.3196802810446946,1,
985.900000000,-9.061487426935555,-4.318059649724949,-0.294175028319188,1,
986.000000000,-8.990192849683616,-4.339659432732148,-0.26866977559368155,1,
986.100000000,-8.91837061217744,-4.359434001528891,-0.24316452286817486,1,
986.200000000,-8.846067433536618,-4.377370493101208,-0.21765927014266825,1,
986.300000000,-8.7733303457246,-4.393457240072476,-0.19215401741716173,1,
986.400000000,-8.700206662955235,-4.40768377829285,-0.1666487646916551,1,
986.500000000,-8.626743950915676,-4.4200408536460065,-0.14114351196614858,1,
986.600000000,-8.552989995825742,-4.430520428068788,-0.11563825924064197,1,
986.700000000,-8.4789927733538,-4.439115684779822,-0.09013300651513541,1,
986.800000000,-8.404800417409431,-4.445821032713722,-0.06462775378962883,1,
986.900000000,-8.330461188833153,-4.450632110157975,-0.03912250106412223,1,
987.000000000,-8.255518577891118,-4.453565549298439,-0.02544962747810217,1,
987.100000000,-8.180542864712931,-4.455474065324659,-0.011776753892082084,1,
987.200000000,-8.10554806560028,-4.456357301449947,0.001896119693937989,1,
987.300000000,-8.03054820042286,-4.456215092558115,0.015568993279958065,1,
987.400000000,-7.955557289997444,-4.455047465234341,0.028767696625003305,1,
987.500000000,-7.880588322121065,-4.452890185569914,0.041966399970048536,1,
987.600000000,-7.805654356630906,-4.4497436293699435,0.055639273556068625,1,
987.700000000,-7.730770416514013,-4.445572836571243,0.0693121471420887,1,
987.800000000,-7.6559505009155995,-4.4403785868808345,0.07381564772828018,1,
987.900000000,-7.5811547362740725,-4.434847439469195,0.07831914831447169,1,
988.000000000,-7.50638463955848,-4.428979506516197,0.08282264890066314,1,
988.100000000,-7.431641727217285,-4.422774907032224,0.08732614948685465,1,
988.200000000,-7.356927515147614,-4.416233766855758,0.09182965007304617,1,
988.300000000,-7.282243518664507,-4.409356218650822,0.09633315065923763,1,
988.400000000,-7.207591252470188,-4.402142401904296,0.10083665124542913,1,
988.500000000,-7.132972230623342,-4.394592462923083,0.10534015183162061,1,
988.600000000,-7.0583879665084135,-4.386706554831145,0.10379352269305037,1,
988.700000000,-6.983791595028171,-4.378936010321164,0.10224689355448018,1,
988.800000000,-6.909183294621701,-4.371280847980758,0.09920001884873239,1,
988.900000000,-6.8345520162415925,-4.363853042965092,0.09615314414298462,1,
989.000000000,-6.759898452722712,-4.356652664229734,0.09311527176226743,1,
989.100000000,-6.68522335988202,-4.349679106369216,0.09007739938155031,1,
989.200000000,-6.61052742687067,-4.342932433740143,0.08703052467580252,1,
989.300000000,-6.535811284342486,-4.336413381224009,0.08398364997005471,1,
989.400000000,-6.461075625920167,-4.330122009340036,0.08093677526430695,1,
989.500000000,-6.386321145407586,-4.324058376493785,0.07788990055855914,1,
989.600000000,-6.3115485367833495,-4.31822253897662,0.07059393483949288,1,
989.700000000,-6.236735340572256,-4.312932390332161,0.06329796912042657,1,
989.800000000,-6.1618855391465495,-4.308188212159675,0.05600200340136029,1,
989.900000000,-6.087003116827001,-4.303990256995938,0.048706037682294,1,
990.000000000,-6.012092059670819,-4.3003387483017965,0.041410071963227685,1,
990.100000000,-5.937156355259474,-4.297233880450271,0.03411410624416139,1,
990.200000000,-5.862199992486427,-4.294675818716208,0.026818140525095097,1,
990.300000000,-5.787226961344802,-4.292664699267484,0.0195221748060288,1,
990.400000000,-5.712241252714999,-4.291200629157756,0.012226209086962507,1,
990.500000000,-5.637246858152247,-4.290283686320763,0.004930243367896214,1,
990.600000000,-5.562247769674138,-4.289913919566181,-0.0023657223511700794,1,
990.700000000,-5.487247979548124,-4.290091348577017,-0.009661688070236374,1,
990.800000000,-5.412251480079007,-4.290815963908571,-0.009661688070236492,1,
990.900000000,-5.33725498060989,-4.291540579240125,-0.00966168807023661,1,
991.000000000,-5.262258481140773,-4.292265194571678,-0.009661688070236728,1,
991.100000000,-5.187261981671655,-4.292989809903232,-0.009661688070236846,1,
991.200000000,-5.112265482202538,-4.293714425234786,-0.009661688070236964,1,
991.300000000,-5.037268982733421,-4.294439040566339,-0.009661688070237082,1,
991.400000000,-4.962272483264304,-4.295163655897893,-0.0096616880702372,1,
991.500000000,-4.8872759837951865,-4.295888271229447,-0.009661688070237318,1,
991.600000000,-4.812279484326069,-4.296612886561,-0.01960413453198557,1,
991.700000000,-4.737293895942905,-4.298083102473934,-0.029546580993733824,1,
991.800000000,-4.662326631078135,-4.3002987736353075,-0.04076260542975387,1,
991.900000000,-4.587388932075912,-4.303355122478654,-0.0519786298657739,1,
992.000000000,-4.512490225940305,-4.3072517645217525,-0.06319465430179397,1,
992.100000000,-4.437639934770163,-4.311988209575274,-0.07441067873781401,1,
992.200000000,-4.362847474573836,-4.317563861804447,-0.08562670317383406,1,
992.300000000,-4.288122254084655,-4.323978019804011,-0.09684272760985406,1,
992.400000000,-4.213473673577344,-4.331229876686454,-0.10805875204587413,1,
992.500000000,-4.1389111236854745,-4.339318520183514,-0.11927477648189422,1,
992.600000000,-4.064443984220152,-4.348242932760944,-0.13049080091791426,1,
992.700000000,-3.99008162299005,-4.358001991746514,-0.14170682535393425,1,
992.800000000,-3.915833394622963,-4.36859446947124,-0.15292284978995435,1,
992.900000000,-3.8417086393890107,-4.3800190334238245,-0.16413887422597434,1,
993.000000000,-3.7677166820256556,-4.392274246418279,-0.18129501308920956,1,
993.100000000,-3.6939458553583915,-4.405797009923883,-0.19845115195244478,1,
993.200000000,-3.6204178720508016,-4.420583343841347,-0.21560729081567995,1,
993.300000000,-3.5471543732913826,-4.436628896169909,-0.2327634296789151,1,
993.400000000,-3.4741769224239842,-4.4539289442882355,-0.2499195685421504,1,
993.500000000,-3.4015069986011572,-4.472478396344417,-0.2670757074053855,1,
993.600000000,-3.3305855968206233,-4.491883370860599,-0.2935474933206572,1,
993.700000000,-3.2602026672070807,-4.513158743607152,-0.32001927923592904,1,
993.800000000,-3.191311525163003,-4.535990012230418,-0.3474434135567304,1,
993.900000000,-3.123072336725705,-4.560701739011525,-0.3748675478775319,1,
994.000000000,-3.055536420222095,-4.587275339842094,-0.40229168219833367,1,
994.100000000,-2.9887545650932617,-4.615690830417423,-0.42971581651913493,1,
994.200000000,-2.9227769936989882,-4.645926841265394,-0.4571399508399364,1,
994.300000000,-2.857653323548728,-4.67796063381709,-0.48456408516073796,1,
994.400000000,-2.79343252998745,-4.7117681175070185,-0.5119882194815392,1,
994.500000000,-2.730162909364419,-4.747323867890082,-0.539412353802341,1,
994.600000000,-2.6678920427125976,-4.784601145761678,-0.5668364881231422,1,
994.700000000,-2.606666759966,-4.82357191726654,-0.594260622443944,1,
994.800000000,-2.544524557463816,-4.865564138786454,-0.614690704854589,1,
994.900000000,-2.4832531680912915,-4.9088170790837395,-0.6351207872652345,1,
995.000000000,-2.4228781649179623,-4.953312685516515,-0.6555508696758798,1,
995.100000000,-2.3634247468852942,-4.999032386786677,-0.675980952086525,1,
995.200000000,-2.304917728289308,-5.045957100691068,-0.69641103449717,1,
995.300000000,-2.2473815284237424,-5.09406724208589,-0.7168411169078154,1,
995.400000000,-2.190840161388082,-5.1433427310610265,-0.7372711993184607,1,
995.500000000,-2.1353172260647035,-5.193763001320873,-0.7577012817291059,1,
995.600000000,-2.0808358962693205,-5.245307008768167,-0.7781313641397513,1,
995.700000000,-2.027418911078841,-5.297953240287243,-0.7985614465503964,1,
995.800000000,-1.9750885653406758,-5.351679722723041,-0.8016083212561442,1,
995.900000000,-1.9229221601123607,-5.405565399535671,-0.8046551959618922,1,
996.000000000,-1.8709201796774997,-5.459609770480778,-0.8077020706676398,1,
996.100000000,-1.819083106793269,-5.51381233384078,-0.8107489453733875,1,
996.200000000,-1.7674114226859359,-5.568172586429523,-0.8137958200791354,1,
996.300000000,-1.7159056070463912,-5.622690023596959,-0.8168426947848837,1,
996.400000000,-1.664566138025696,-5.677364139233822,-0.8198895694906314,1,
996.500000000,-1.613393492230643,-5.732194425776334,-0.822936444196379,1,
996.600000000,-1.5623881447193315,-5.787180374210915,-0.825983318902127,1,
996.700000000,-1.5115505689967577,-5.842321474078904,-0.8290301936078748,1,
996.800000000,-1.4608812370104183,-5.897617213481304,-0.824526693021683,1,
996.900000000,-1.409963395295635,-5.952684203548932,-0.8200231924354918,1,
997.000000000,-1.3587980765417615,-6.007521327441552,-0.8155196918493001,1,
997.100000000,-1.3073863184573535,-6.062127472980953,-0.8110161912631085,1,
997.200000000,-1.2557291637491212,-6.11650153267351,-0.8065126906769169,1,
997.300000000,-1.203827660100783,-6.170642403732642,-0.8020091900907255,1,
997.400000000,-1.1516828601518154,-6.224548988101178,-0.7975056895045342,1,
997.500000000,-1.0992958214761055,-6.278220192473632,-0.7930021889183424,1,
997.600000000,-1.0466676065605007,-6.33165492831837,-0.7914555597797724,1,
997.700000000,-0.9939568109033308,-6.38500820395528,-0.7899089306412025,1,
997.800000000,-0.9411635605920455,-6.438279891760061,-0.7883623015026329,1,
997.900000000,-0.8882879819113315,-6.491469864303573,-0.7868156723640625,1,
998.000000000,-0.8353302013428097,-6.544577994352148,-0.7852690432254926,1,
998.100000000,-0.782290345564733,-6.597604154867886,-0.7837224140869228,1,
998.200000000,-0.7291685414516833,-6.650548219008966,-0.7821757849483525,1,
998.300000000,-0.6759649160742679,-6.703410060129945,-0.7806291558097826,1,
998.400000000,-0.6226795966988157,-6.756189551782064,-0.7790825266712127,1,
998.500000000,-0.5693127107870724,-6.808886567713547,-0.7775358975326429,1,
998.600000000,-0.515864385995896,-6.861500981869906,-0.7759892683940729,1,
998.700000000,-0.46233475017695136,-6.914032668394242,-0.7744426392555032,1,
998.800000000,-0.4087239313764041,-6.966481501627546,-0.7728960101169328,1,
998.900000000,-0.35503205783461467,-7.018847356108997,-0.771349380978363,1,
999.000000000,-0.3012592579858313,-7.071130106576265,-0.7713493809783631,1,
999.100000000,-0.24748645813704795,-7.123412857043534,-0.7713493809783634,1,
999.200000000,-0.1937136582882646,-7.175695607510803,-0.7713493809783637,1,
999.300000000,-0.13994085843948123,-7.227978357978071,-0.7713493809783637,1,
999.400000000,-0.08616805859069789,-7.28026110844534,-0.7713493809783637,1,
999.500000000,-0.03239525874191454,-7.332543858912609,-0.7713493809783639,1,
999.600000000,0.02137754110686879,-7.384826609379878,-0.7728960101169339,1,
999.700000000,0.07506941464865818,-7.4371924638613285,-0.7744426392555044,1,
999.800000000,0.12868023344920537,-7.489641297094632,-0.7759892683940741,1,
999.900000000,0.18220986926814997,-7.542172983618968,-0.7775358975326447,1,
1000.000000000,0.23565819405932625,-7.594787397775328,-0.7790825266712146,1,
1000.100000000,0.28902507997106947,-7.647484413706811,-0.7806291558097851,1,
1000.200000000,0.34231039934652163,-7.70026390535893,-0.7821757849483552,1,
1000.300000000,0.3955140247239369,-7.753125746479909,-0.7837224140869251,1,
1000.400000000,0.44863582883698644,-7.806069810620989,-0.7852690432254953,1,
1000.500000000,0.5016756846150631,-7.859095971136727,-0.7868156723640654,1,
1000.600000000,0.5546334651835848,-7.912204101185302,-0.7868156723640655,1,
1000.700000000,0.6075912457521065,-7.965312231233876,-0.7868156723640657,1,
1000.800000000,0.6605490263206283,-8.018420361282452,-0.7868156723640657,1,
1000.900000000,0.71350680688915,-8.071528491331026,-0.786815672364066,1,
1001.000000000,0.7664645874576718,-8.1246366213796,-0.786815672364066,1,
1001.100000000,0.8194223680261934,-8.177744751428175,-0.7868156723640661,1,
1001.200000000,0.872380148594715,-8.23085288147675,-0.7868156723640662,1,
1001.300000000,0.9253379291632366,-8.283961011525324,-0.7868156723640665,1,
1001.400000000,0.9782957097317583,-8.337069141573899,-0.7868156723640667,1,
1001.500000000,1.03125349030028,-8.390177271622473,-0.7868156723640668,1,
1001.600000000,1.0842112708688016,-8.443285401671048,-0.7883623015026366,1,
1001.700000000,1.1370868495495154,-8.49647537421456,-0.7899089306412069,1,
1001.800000000,1.1898800998608006,-8.54974706201934,-0.791455559779777,1,
1001.900000000,1.2425908955179703,-8.603100337656251,-0.7930021889183472,1,
1002.000000000,1.2952191104335746,-8.65653507350099,-0.7945488180569172,1,
1002.100000000,1.3477646187177021,-8.710051141734397,-0.7960954471954876,1,
1002.200000000,1.40022729467828,-8.76364841434276,-0.7976420763340578,1,
1002.300000000,1.4526070128213764,-8.817326763118126,-0.7991887054726282,1,
1002.400000000,1.5049036478514985,-8.871086059658596,-0.8007353346111978,1,
1002.500000000,1.5571170746718943,-8.924926175368643,-0.8022819637497683,1,
1002.600000000,1.6092471683848504,-8.978846981459414,-0.8038285928883385,1,
1002.700000000,1.6612938042919914,-9.032848348949038,-0.8053752220269089,1,
1002.800000000,1.7132568578945782,-9.08693014866294,-0.8053752220269093,1,
1002.900000000,1.765219911497165,-9.141011948376843,-0.8053752220269089,1,
1003.000000000,1.8171829650997517,-9.195093748090745,-0.8053752220269093,1,
1003.100000000,1.8691460187023385,-9.249175547804647,-0.8053752220269093,1,
1003.200000000,1.9211090723049253,-9.30325734751855,-0.8053752220269095,1,
1003.300000000,1.9730721259075121,-9.357339147232452,-0.8053752220269097,1,
1003.400000000,2.025035179510099,-9.411420946946354,-0.8069218511654797,1,
1003.500000000,2.0769145265093267,-9.465583049517559,-0.8084684803040499,1,
1003.600000000,2.1287100428066212,-9.519825325387002,-0.8196845047400698,1,
1003.700000000,2.179893931284684,-9.574645117070894,-0.8309005291760898,1,
1003.800000000,2.2304597531185792,-9.630035528355364,-0.8433594672615219,1,
1003.900000000,2.2803315626086658,-9.686051620848366,-0.8558184053469531,1,
1004.000000000,2.3295016184965593,-9.742684699556674,-0.8682773434323846,1,
1004.100000000,2.3779622884522666,-9.799925973716531,-0.880736281517816,1,
1004.200000000,2.4257060502589,-9.857766558158179,-0.893195219603248,1,
1004.300000000,2.4727254929802984,-9.916197474685042,-0.9056541576886791,1,
1004.400000000,2.519013318111376,-9.975209653467347,-0.918113095774111,1,
1004.500000000,2.5645623407110207,-10.034793934449977,-0.9305720338595421,1,
1004.600000000,2.609365490517361,-10.094941068774322,-0.9430309719449739,1,
1004.700000000,2.6534158130452354,-10.155641720213909,-0.9554899100304053,1,
1004.800000000,2.6967064706656902,-10.21688646662361,-0.967948848115837,1,
1004.900000000,2.7392307436673353,-10.278665801402171,-0.9804077862012682,1,
1005.000000000,2.7675021898715344,-10.32085452693834,-1.0296223233910995,1,
1005.100000000,2.793663944718956,-10.364382975292797,-1.0788368605809302,1,
1005.200000000,2.80068284549694,-10.377480194222716,-1.1639774490236225,1,
1005.300000000,2.8065625637171734,-10.391126843096345,-1.2491180374663147,1,
1005.400000000,2.807051544816529,-10.39259413983356,-1.3475714081537218,1,
1005.500000000,2.8073939309210187,-10.394102395112359,-1.4460247788411287,1,
1005.600000000,2.807586405939355,-10.39563700111974,-1.5444781495285353,1,
1005.700000000,2.807627105704965,-10.397183094829595,-1.6429315202159422,1,
1005.800000000,2.8075156360308866,-10.398725701954671,-1.7413848909033482,1,
1005.900000000,2.8072530765275663,-10.400249881976121,-1.8398382615907551,1,
1006.000000000,2.806841970146572,-10.401740872846005,-1.9382916322781616,1,
1006.100000000,2.8062862985514996,-10.403184233961252,-2.0367450029655685,1,
1006.200000000,2.805591443554609,-10.404565986024348,-2.135198373652975,1,
1006.300000000,2.8047641349926864,-10.405872746436184,-2.233651744340382,1,
1006.400000000,2.8038123855469643,-10.407091858909725,-2.3321051150277885,1,
1006.500000000,2.802745413138389,-10.408211516049171,-2.430558485715195,1,
1006.600000000,2.8015735516498523,-10.409220873707415,-2.529011856402602,1,
1006.700000000,2.8003081508400642,-10.4101101560142,-2.6274652270900085,1,
1006.800000000,2.7989614664184264,-10.410870750057756,-2.725918597777415,1,
1006.900000000,2.797546541345557,-10.41149528930291,-2.824371968464822,1,
1007.000000000,2.7960770795090966,-10.411977724937746,-2.9228253391522285,1,
1007.100000000,2.794567312998282,-10.41231338445779,-3.021278709839635,1,
1007.200000000,2.793031864262758,-10.412499016920332,-3.119732080527042,1,
1007.300000000,2.791485604490655,-10.41253282443059,3.0649998559651377,1,
1007.400000000,2.7899435095775797,-10.41241447955474,2.966546485277731,1,
1007.500000000,2.788420515081482,-10.412145128491206,2.8680931145903243,1,
1007.600000000,2.7869313715682056,-10.411727379969436,2.7696397439029177,1,
1007.700000000,2.785490501748734,-10.41116527998375,2.671186373215511,1,
1007.800000000,2.784111860791782,-10.410464272606907,2.5727330025281043,1,
1007.900000000,2.782808801164653,-10.409631147262964,2.4742796318406977,1,
1008.000000000,2.781593943311399,-10.408673972970078,2.375826261153291,1,
1008.100000000,2.780479053420803,-10.407602020190138,2.2773728904658843,1,
1008.200000000,2.779474929468027,-10.406425671042124,2.1789195197784776,1,
1008.300000000,2.778591296633641,-10.4051563187488,2.080466149091071,1,
1008.400000000,2.7778367131129236,-10.403806257290631,1.982012778403665,1,
1008.500000000,2.777218487227695,-10.40238856233564,1.8835594077162576,1,
1008.600000000,2.772289301125908,-10.387145706556012,1.7995794429204817,1,
1008.700000000,2.768656077033976,-10.371543103867923,1.7155994781247061,1,
1008.800000000,2.7665118989551702,-10.356839206010694,1.6304588896820142,1,
1008.900000000,2.765625874249132,-10.342006233548988,1.5453183012393215,1,
1009.000000000,2.7660044217590176,-10.327151644574123,1.4601777127966293,1,
1009.100000000,2.767644799081509,-10.312383053779152,1.3750371243539368,1,
1009.200000000,2.7705351224342722,-10.297807452839708,1.2898965359112442,1,
1009.300000000,2.7746544527485137,-10.283530435308318,1.2047559474685519,1,
1009.400000000,2.779548260621043,-10.270763363586282,1.1184288211916895,1,
1009.500000000,2.7855246207658966,-10.258465778649885,1.0321016949148278,1,
1009.600000000,2.7925390227723494,-10.246729269784778,0.9457745686379659,1,
1009.700000000,2.8005392251578387,-10.235641247524695,0.8594474423611037,1,
1009.800000000,2.8223010958324677,-10.210391849594213,0.8261141090876003,1,
1009.900000000,2.8448923684427343,-10.185881739170966,0.7927807758140967,1,
1010.000000000,2.8729670589900564,-10.15738942879304,0.7864453982084745,1,
1010.100000000,2.9012216944597884,-10.129075552787228,0.780110020602853,1,
1010.200000000,2.9483117358394546,-10.082480933886867,0.8138640357614413,1,
1010.300000000,2.9938024972933723,-10.034323679709004,0.8476180509200302,1,
1010.400000000,3.024809282072985,-9.999196744113782,0.9007637842340589,1,
1010.500000000,3.053906320240658,-9.962472301619046,0.9539095175480871,1,
1010.600000000,3.0777830414475975,-9.928806109404487,1.0126359144363932,1,
1010.700000000,3.0996426436599194,-9.89379656634919,1.0713623113246993,1,
1010.800000000,3.1353203208733307,-9.828401071702034,1.0968675640502064,1,
1010.900000000,3.1693186464439553,-9.762116976853537,1.1223728167757128,1,
1011.000000000,3.201834555070192,-9.694532099209125,1.1406418518808807,1,
1011.100000000,3.2331103958097582,-9.626364498502975,1.158910886986049,1,
1011.200000000,3.2631357304020714,-9.55763692556009,1.177179922091217,1,
1011.300000000,3.2919005379409247,-9.48837231809529,1.195448957196385,1,
1011.400000000,3.3090771123701526,-9.44478002981448,1.2485946905104133,1,
1011.500000000,3.323913781471404,-9.40033685759804,1.3017404238244412,1,
1011.600000000,3.3369960598876167,-9.352892946807659,1.3525258865448435,1,
1011.700000000,3.3476530458997185,-9.304846101658546,1.4033113492652456,1,
1011.800000000,3.3601557745580286,-9.230895565649016,1.4181707606884797,1,
1011.900000000,3.371558301925822,-9.156767417354143,1.4330301721117136,1,
1012.000000000,3.3804848025578105,-9.09238327655482,1.4360954942952415,1,
1012.100000000,3.3892139034262483,-9.027972075680836,1.4391608164787697,1,
1012.200000000,3.3970892441197007,-8.968491162700603,1.4419903446481817,1,
1012.300000000,3.4047962505930394,-8.908988204360535,1.4448198728175916,1,
1012.400000000,3.411916049445064,-8.852770595238322,1.447492204977591,1,
1012.500000000,3.4188855909285785,-8.79653416040626,1.4501645371375895,1,
1012.600000000,3.4279110481473003,-8.722079200047713,1.4353051257143559,1,
1012.700000000,3.4380418251389626,-8.647766567490756,1.4204457142911215,1,
1012.800000000,3.4492756850478106,-8.573612670819385,1.4067728407051014,1,
1012.900000000,3.4615223601666463,-8.499619299842427,1.3930999671190811,1,
1013.000000000,3.4747795610461822,-8.425800287218038,1.3806410290336495,1,
1013.100000000,3.488955415728013,-8.35215217017463,1.3681820909482179,1,
1013.200000000,3.5040477237916,-8.278686380603471,1.3545092173621978,1,
1013.300000000,3.5201430782989775,-8.20543380683789,1.3408363437761772,1,
1013.400000000,3.5372384703111845,-8.132408143048035,1.327163470190157,1,
1013.500000000,3.5553307039376887,-8.059623040984468,1.3134905966041368,1,
1013.600000000,3.5744163969338416,-7.987092107426043,1.2998177230181163,1,
1013.700000000,3.59449198133317,-7.914828901636198,1.2861448494320962,1,
1013.800000000,3.615553704114388,-7.842846932828119,1.2736859113466643,1,
1013.900000000,3.6375105879536904,-7.771132950564774,1.2612269732612327,1,
1014.000000000,3.660359224634836,-7.699698086514977,1.2487680351758013,1,
1014.100000000,3.6840960675209153,-7.62855342902194,1.2363090970903694,1,
1014.200000000,3.7087174321048715,-7.557710021382104,1.2250930726543494,1,
1014.300000000,3.734131812762734,-7.487147217754575,1.2138770482183294,1,
1014.400000000,3.7603360124191587,-7.416873894790833,1.2026610237823094,1,
1014.500000000,3.7873267346412405,-7.3468988927263075,1.1914449993462892,1,
1014.600000000,3.8151005840531993,-7.277231014268285,1.1789860612608583,1,
1014.700000000,3.8437402432220735,-7.2079145665614766,1.1665271231754266,1,
1014.800000000,3.8732412666103158,-7.138960309121878,1.1553110987394062,1,
1014.900000000,3.903513810836528,-7.0703412660939255,1.144095074303386,1,
1015.000000000,3.9345540676786617,-7.002066069608127,1.1328790498673662,1,
1015.100000000,3.966358132338045,-6.9341433085398245,1.1216630254313462,1,
1015.200000000,3.9989220039305975,-6.866581527428727,1.111720578969598,1,
1015.300000000,4.032155984355176,-6.799346844822659,1.1017781325078495,1,
1015.400000000,4.066056788385381,-6.732445906965961,1.0918356860461012,1,
1015.500000000,4.100621064878344,-6.665885327111831,1.081893239584353,1,
1015.600000000,4.135845397106,-6.599671684868592,1.073256836892046,1,
1015.700000000,4.171640256264623,-6.53376471969939,1.0646204341997396,1,
1015.800000000,4.208002972523487,-6.468169347406238,1.0559840315074338,1,
1015.900000000,4.244930833697116,-6.40289046055037,1.0473476288151276,1,
1016.000000000,4.282421085447577,-6.337932928087328,1.0387112261228206,1,
1016.100000000,4.320470931489918,-6.273301595003798,1.0300748234305142,1,
1016.200000000,4.359077533800734,-6.209001281956236,1.0214384207382075,1,
1016.300000000,4.398238012829848,-6.14503678491131,1.0128020180459012,1,
1016.400000000,4.437949447715086,-6.081412874788184,1.0041656153535945,1,
1016.500000000,4.478208876500135,-6.018134297102671,0.9955292126612879,1,
1016.600000000,4.519013296355471,-5.955205771613276,0.9868928099689817,1,
1016.700000000,4.560359663802324,-5.892631991969164,0.9782564072766748,1,
1016.800000000,4.602244894939688,-5.83041762536008,0.9696200045843687,1,
1016.900000000,4.644665865674337,-5.768567312168229,0.960983601892062,1,
1017.000000000,4.687619411953842,-5.707085665622171,0.9523471991997556,1,
1017.100000000,4.731102330002568,-5.64597727145273,0.9437107965074493,1,
1017.200000000,4.775111376560635,-5.58524668755096,0.9350743938151431,1,
1017.300000000,4.819643269125821,-5.524898443628185,0.9264379911228362,1,
1017.400000000,4.864694686198397,-5.464937040878142,0.9178015884305297,1,
1017.500000000,4.910262267528863,-5.405366951641249,0.9091651857382235,1,
1017.600000000,4.956342614368586,-5.346192619071029,0.900528783045917,1,
1017.700000000,5.002932289723293,-5.287418456802708,0.8918923803536105,1,
1017.800000000,5.050027818609435,-5.2290488486240125,0.883255977661304,1,
1017.900000000,5.097625688313372,-5.171088148148199,0.8746195749689973,1,
1018.000000000,5.145722348653374,-5.113540678489329,0.867323609249931,1,
1018.100000000,5.194237589520492,-5.05634564895349,0.8600276435308646,1,
1018.200000000,5.243168828405779,-4.999506104082415,0.8527316778117984,1,
1018.300000000,5.292513460656347,-4.943025069495075,0.845435712092732,1,
1018.400000000,5.342268859614015,-4.886905551726626,0.8381397463736657,1,
1018.500000000,5.39243237675513,-4.831150538068363,0.8308437806545994,1,
1018.600000000,5.443001341831548,-4.775762996408708,0.8235478149355331,1,
1018.700000000,5.493973063012775,-4.720745875075225,0.8162518492164668,1,
1018.800000000,5.545344827029257,-4.666102102677677,0.811748348630275,1,
1018.900000000,5.596962157527137,-4.611690236395839,0.8072448480440833,1,
1019.000000000,5.648824007630392,-4.557511379783065,0.8027413474578917,1,
1019.100000000,5.700929325503777,-4.503566631666928,0.7982378468716996,1,
1019.200000000,5.753277054374161,-4.449857086126933,0.7937343462855082,1,
1019.300000000,5.805866132551957,-4.396383832472329,0.7892308456993161,1,
1019.400000000,5.8586954934526565,-4.343147955220013,0.7847273451131245,1,
1019.500000000,5.9117640656184625,-4.29015053407254,0.7802238445269328,1,
1019.600000000,5.965070772740016,-4.237392643896217,0.7802238445269326,1,
1019.700000000,6.018377479861569,-4.1846347537198945,0.7802238445269325,1,
1019.800000000,6.071684186983123,-4.131876863543572,0.7802238445269323,1,
1019.900000000,6.124990894104676,-4.079118973367249,0.7802238445269322,1,
1020.000000000,6.178297601226229,-4.026361083190927,0.780223844526932,1,
1020.100000000,6.231604308347783,-3.9736031930146045,0.7802238445269319,1,
1020.200000000,6.284911015469336,-3.9208453028382824,0.7802238445269319,1,
1020.300000000,6.3382177225908904,-3.86808741266196,0.7802238445269317,1,
1020.400000000,6.391524429712445,-3.815329522485638,0.7729278788078655,1,
1020.500000000,6.445214634395738,-3.7629619569410555,0.7656319130887993,1,
1020.600000000,6.499285478663945,-3.710987503599792,0.758335947369733,1,
1020.700000000,6.5537340842784655,-3.6594089291077174,0.7510399816506665,1,
1020.800000000,6.608557552892124,-3.608228979037723,0.7424035789583603,1,
1020.900000000,6.663820982110946,-3.55752440931293,0.7337671762660536,1,
1021.000000000,6.719520250002205,-3.5072990018344656,0.7251307735737472,1,
1021.100000000,6.7756512021252835,-3.457556502764187,0.7164943708814406,1,
1021.200000000,6.832209651841537,-3.4083006222452683,0.7410180983841103,1,
1021.300000000,6.887543278193636,-3.3576726675687625,0.7655418258867802,1,
1021.400000000,6.941618804475504,-3.305703085529468,0.7890681886058477,1,
1021.500000000,6.994456823870366,-3.2524758020516478,0.8125945513249149,1,
1021.600000000,7.046028092425347,-3.1980202765319174,0.8361209140439825,1,
1021.700000000,7.0963040672888305,-3.142366648154907,0.8596472767630496,1,
1021.800000000,7.145256922507905,-3.0855457192123037,0.8831736394821171,1,
1021.900000000,7.192859564429031,-3.027588938054884,0.9067000022011842,1,
1022.000000000,7.239085646693415,-2.9685283816869794,0.9302263649202517,1,
1022.100000000,7.283909584818767,-2.9083967380129985,0.9537527276393194,1,
1022.200000000,7.327306570359404,-2.8472272877458455,0.9772790903583867,1,
1022.300000000,7.3692525846368335,-2.7850538859872342,1.0008054530774542,1,
1022.400000000,7.409724412033232,-2.7219109434901023,1.0243318157965215,1,
1022.500000000,7.448699652840459,-2.6578334076134893,1.0478581785155887,1,
1022.600000000,7.486156735657496,-2.5928567429804255,1.071384541234656,1,
1022.700000000,7.522074929329442,-2.5270169118495316,1.0949109039537235,1,
1022.800000000,7.556434354421467,-2.460350354211196,1.1184372666727913,1,
1022.900000000,7.589215994221368,-2.392893967619343,1.1419636293918582,1,
1023.000000000,7.620401705264639,-2.324685086769958,1.1654899921109256,1,
1023.100000000,7.649974227376229,-2.2557614628376697,1.189016354829993,1,
1023.200000000,7.677917193223432,-2.186161242581825,1.2125427175490604,1,
1023.300000000,7.704215137374616,-2.1159229472336234,1.2360690802681278,1,
1023.400000000,7.728853504858793,-2.0450854511759937,1.2595954429871956,1,
1023.500000000,7.751818659221267,-1.9736879604280149,1.2831218057062626,1,
1023.600000000,7.77309789007093,-1.9017699909457864,1.3076455332089323,1,
1023.700000000,7.792607202529646,-1.8293518528353088,1.332169260711602,1,
1023.800000000,7.8095469679606415,-1.7597159751697407,1.3554551722465176,1,
1023.900000000,7.824860752594372,-1.6897045538779054,1.378741083781433,1,
1024.000000000,7.837585869396169,-1.6242636198470937,1.4004023968371684,1,
1024.100000000,7.848890575215876,-1.5585624168841772,1.4220637098929034,1,
1024.200000000,7.858028641646607,-1.4975765700040582,1.442100424469459,1,
1024.300000000,7.8659429995635675,-1.4364198801284607,1.4621371390460132,1,
1024.400000000,7.872088244226107,-1.3800874109907721,1.480549255143388,1,
1024.500000000,7.877195305920638,-1.3236513495410274,1.4989613712407628,1,
1024.600000000,7.881382075355262,-1.2654684591051004,1.5110416238181974,1,
1024.700000000,7.884865692383573,-1.2072392380028236,1.523121876395632,1,
1024.800000000,7.887566221317225,-1.150636956647832,1.5339316211753682,1,
1024.900000000,7.889654748173715,-1.0940087908053748,1.5447413659551044,1,
1025.000000000,7.891044188866539,-1.0406935594075315,1.5531885360959328,1,
1025.100000000,7.89198322251329,-0.9873684934417521,1.5616357062367618,1,
1025.200000000,7.892441247135128,-0.9373705913513065,1.5711737163365291,1,
1025.300000000,7.8924223776584945,-0.8873705949118781,1.5807117264362962,1,
1025.400000000,7.891976191985851,-0.8423728069846307,1.5878390262426203,1,
1025.500000000,7.891209307636015,-0.7973793420325515,1.594966326048945,1,
1025.600000000,7.88996064592522,-0.7457277661768581,1.594966326048945,1,
1025.700000000,7.888711984214425,-0.6940761903211647,1.594966326048945,1,
1025.800000000,7.887543881323682,-0.6457569741980969,1.5942070453758355,1,
1025.900000000,7.886412466613065,-0.5974368850853509,1.593447764702726,1,
1026.000000000,7.885393239071272,-0.5524484290636329,1.5927408482139689,1,
1026.100000000,7.884405814862865,-0.5074592637742806,1.592033931725212,1,
1026.200000000,7.883520981176224,-0.46580199333491923,1.5913793794208073,1,
1026.300000000,7.882663414539545,-0.42414415264946403,1.5907248271164027,1,
1026.400000000,7.8818995392577875,-0.38581843101244373,1.5901226389963503,1,
1026.500000000,7.8811587434074,-0.34749225632786956,1.5895204508762986,1,
1026.600000000,7.880472232307033,-0.31083201700849905,1.5889444448484216,1,
1026.700000000,7.879806837838217,-0.27417138833623933,1.588368438820546,1,
1026.800000000,7.879221130914126,-0.2408432011891684,1.5878447969770217,1,
1026.900000000,7.8786528761028976,-0.20751471191076537,1.5873211551334983,1,
1027.000000000,7.8781296136874746,-0.17585236875327964,1.586823695382151,1,
1027.100000000,7.877622102077501,-0.14418976921149346,1.5863262356308028,1,
1027.200000000,7.877104459257572,-0.11086045543184765,1.5858025937872795,1,
1027.300000000,7.876604269131125,-0.07753087516223553,1.5852789519437562,1,
1027.400000000,7.876145668700104,-0.04586752942268291,1.5847814921924075,1,
1027.500000000,7.8757028195652765,-0.014203959465687213,1.5842840324410608,1,
1027.600000000,7.875253243008387,0.019126341943550097,1.5837603905975361,1,
1027.700000000,7.874821119652812,0.05245687420027648,1.583236748754013,1,
1027.800000000,7.874427183118829,0.08412109046698632,1.5827392890026655,1,
1027.900000000,7.87404899830609,0.11578549878334668,1.5822418292513176,1,
1028.000000000,7.873419509414989,0.17078189633569532,1.5813778202095035,1,
1028.100000000,7.872837538137687,0.22577881724434617,1.5805138111676893,1,
1028.200000000,7.872286889356239,0.2824428084294948,1.579623620033699,1,
1028.300000000,7.871786682568877,0.3391072673458296,1.5787334288997084,1,
1028.400000000,7.871363374901214,0.3924389207522536,1.5778956019500703,1,
1028.500000000,7.8709847500733865,0.4457709100990256,1.5770577750004324,1,
1028.600000000,7.870650808351173,0.4991031979495445,1.5762199480507946,1,
1028.700000000,7.870361549968985,0.5524357468669999,1.575382121101156,1,
1028.800000000,7.8701093321661455,0.6074351685565044,1.574518112059342,1,
1028.900000000,7.86990463444917,0.6624347876355913,1.5736541030175282,1,
1029.000000000,7.869690301524211,0.7374344813776145,1.5736541030175275,1,
1029.100000000,7.869475968599253,0.8124341751196377,1.5736541030175268,1,
1029.200000000,7.869261635674294,0.8874338688616609,1.5736541030175268,1,
1029.300000000,7.869047302749336,0.9624335626036841,1.5736541030175268,1,
1029.400000000,7.8688329698243775,1.0374332563457074,1.5736541030175266,1,
1029.500000000,7.868618636899419,1.1124329500877306,1.5736541030175262,1,
1029.600000000,7.868404303974461,1.1874326438297538,1.5736541030175266,1,
1029.700000000,7.868189971049502,1.262432337571777,1.573654103017526,1,
1029.800000000,7.867975638124544,1.3374320313138002,1.5736541030175255,1,
1029.900000000,7.867761305199585,1.4124317250558234,1.573654103017526,1,
1030.000000000,7.867546972274627,1.4874314187978466,1.5736541030175253,1,
1030.100000000,7.8673326393496685,1.5624311125398698,1.573654103017525,1,
1030.200000000,7.86711830642471,1.637430806281893,1.5736541030175246,1,
1030.300000000,7.866903973499752,1.7124305000239162,1.573654103017525,1,
1030.400000000,7.866689640574793,1.7874301937659394,1.5736541030175244,1,
1030.500000000,7.866475307649835,1.8624298875079626,1.573654103017524,1,
1030.600000000,7.866260974724876,1.9374295812499858,1.5736541030175244,1,
1030.700000000,7.866046641799918,2.012429274992009,1.5736541030175237,1,
1030.800000000,7.8658323088749595,2.0874289687340326,1.5736541030175237,1,
1030.900000000,7.865617975950001,2.162428662476056,1.573654103017523,1,
1031.000000000,7.865403643025043,2.2374283562180795,1.5736541030175233,1,
1031.100000000,7.865189310100085,2.312428049960103,1.5736541030175228,1,
1031.200000000,7.864974977175128,2.3874277437021263,1.5736541030175224,1,
1031.300000000,7.86476064425017,2.4624274374441497,1.5736541030175228,1,
1031.400000000,7.8645463113252125,2.537427131186173,1.5736541030175222,1,
1031.500000000,7.864331978400255,2.6124268249281966,1.5736541030175215,1,
1031.600000000,7.8641176454752975,2.68742651867022,1.5736541030175215,1,
1031.700000000,7.86390331255034,2.7624262124122434,1.5736541030175215,1,
1031.800000000,7.863688979625382,2.837425906154267,1.5736541030175213,1,
1031.900000000,7.863474646700425,2.9124255998962902,1.5736541030175208,1,
1032.000000000,7.863260313775467,2.9874252936383137,1.5736541030175213,1,
1032.100000000,7.86304598085051,3.062424987380337,1.5736541030175206,1,
1032.200000000,7.862831647925552,3.1374246811223605,1.5736541030175202,1,
1032.300000000,7.862617315000595,3.212424374864384,1.5736541030175206,1,
1032.400000000,7.862402982075637,3.2874240686064073,1.57365410301752,1,
1032.500000000,7.86218864915068,3.3624237623484308,1.57365410301752,1,
1032.600000000,7.861974316225722,3.437423456090454,1.5736541030175193,1,
1032.700000000,7.8617599833007645,3.5124231498324776,1.5736541030175195,1,
1032.800000000,7.861545650375807,3.587422843574501,1.573654103017519,1,
1032.900000000,7.8613313174508495,3.6624225373165245,1.5736541030175186,1,
1033.000000000,7.861116984525892,3.737422231058548,1.573654103017519,1,
1033.100000000,7.860902651600934,3.8124219248005713,1.5736541030175184,1,
1033.200000000,7.860688318675977,3.8874216185425947,1.5736541030175184,1,
1033.300000000,7.860473985751019,3.962421312284618,1.5736541030175177,1,
1033.400000000,7.860259652826062,4.037421006026642,1.573654103017518,1,
1033.500000000,7.860045319901104,4.1124206997686645,1.5736541030175175,1,
1033.600000000,7.859830986976147,4.1874203935106875,1.573654103017517,1,
1033.700000000,7.859616654051189,4.2624200872527105,1.5736541030175175,1,
1033.800000000,7.859402321126232,4.3374197809947335,1.5736541030175168,1,
1033.900000000,7.859187988201274,4.412419474736756,1.5736541030175162,1,
1034.000000000,7.8589736552763165,4.487419168478779,1.5736541030175164,1,
1034.100000000,7.858759322351359,4.562418862220802,1.5736541030175162,1,
1034.200000000,7.8585449894264015,4.637418555962825,1.5736541030175162,1,
1034.300000000,7.858330656501444,4.712418249704848,1.5736541030175155,1,
1034.400000000,7.858116323576486,4.787417943446871,1.5736541030175157,1,
1034.500000000,7.857901990651529,4.862417637188894,1.5736541030175153,1,
1034.600000000,7.857687657726571,4.937417330930917,1.5736541030175148,1,
1034.700000000,7.857473324801614,5.01241702467294,1.5736541030175153,1,
1034.800000000,7.857258991876656,5.087416718414963,1.5736541030175146,1,
1034.900000000,7.857044658951699,5.162416412156986,1.5736541030175146,1,
1035.000000000,7.856830326026741,5.237416105899009,1.573654103017514,1,
1035.100000000,7.856615993101784,5.312415799641032,1.5736541030175142,1,
1035.200000000,7.856401660176826,5.387415493383055,1.5736541030175137,1,
1035.300000000,7.8561873272518685,5.462415187125078,1.5736541030175133,1,
1035.400000000,7.855972994326911,5.537414880867101,1.5736541030175137,1,
1035.500000000,7.8557586614019534,5.612414574609124,1.573654103017513,1,
1035.600000000,7.855544328476996,5.687414268351147,1.573654103017513,1,
1035.700000000,7.855329995552038,5.76241396209317,1.5736541030175126,1,
1035.800000000,7.855115662627081,5.837413655835193,1.5736541030175126,1,
1035.900000000,7.854901329702123,5.912413349577216,1.5736541030175124,1,
1036.000000000,7.854686996777166,5.987413043319239,1.5736541030175117,1,
1036.100000000,7.854472663852208,6.062412737061262,1.573654103017512,1,
1036.200000000,7.854258330927251,6.137412430803285,1.5736541030175115,1,
1036.300000000,7.854043998002293,6.212412124545308,1.5736541030175109,1,
1036.400000000,7.853829665077336,6.287411818287331,1.573654103017511,1,
1036.500000000,7.853615332152379,6.362411512029354,1.5736541030175109,1,
1036.600000000,7.853400999227422,6.437411205771377,1.5736541030175109,1,
1036.700000000,7.853186666302466,6.5124108995134,1.5736541030175102,1,
1036.800000000,7.852972333377509,6.587410593255423,1.5736541030175104,1,
1036.900000000,7.852758000452552,6.662410286997446,1.57365410301751,1,
1037.000000000,7.852543667527596,6.737409980739469,1.5736541030175095,1,
1037.100000000,7.852329334602639,6.812409674481492,1.57365410301751,1,
1037.200000000,7.852115001677682,6.887409368223515,1.5736541030175093,1,
1037.300000000,7.851900668752726,6.962409061965538,1.5736541030175093,1,
1037.400000000,7.851686335827769,7.037408755707561,1.5736541030175089,1,
1037.500000000,7.851472002902812,7.112408449449584,1.5736541030175089,1,
1037.600000000,7.851257669977856,7.187408143191607,1.5736541030175086,1,
1037.700000000,7.851043337052899,7.26240783693363,1.573654103017508,1,
1037.800000000,7.8508290041279425,7.3374075306756525,1.5736541030175082,1,
1037.900000000,7.850614671202986,7.4124072244176755,1.5736541030175077,1,
1038.000000000,7.850400338278029,7.4874069181596985,1.5736541030175077,1,
1038.100000000,7.8501860053530725,7.5624066119017215,1.5736541030175073,1,
1038.200000000,7.849971672428116,7.6374063056437445,1.5736541030175073,1,
1038.300000000,7.849757339503159,7.712405999385767,1.573654103017507,1,
1038.400000000,7.849543006578203,7.78740569312779,1.5736541030175064,1,
1038.500000000,7.849328673653246,7.862405386869813,1.5736541030175066,1,
1038.600000000,7.849114340728289,7.937405080611836,1.5736541030175062,1,
1038.700000000,7.848900007803333,8.01240477435386,1.5736541030175055,1,
1038.800000000,7.848685674878376,8.087404468095883,1.5736541030175057,1,
1038.900000000,7.848471341953419,8.162404161837907,1.5736541030175055,1,
1039.000000000,7.848257009028463,8.237403855579931,1.5736541030175055,1,
1039.100000000,7.848042676103506,8.312403549321955,1.573654103017505,1,
1039.200000000,7.847828343178549,8.387403243063979,1.573654103017505,1,
1039.300000000,7.847614010253593,8.462402936806003,1.5736541030175049,1,
1039.400000000,7.847399677328636,8.537402630548026,1.5736541030175042,1,
1039.500000000,7.847185344403679,8.61240232429005,1.5736541030175044,1,
1039.600000000,7.846971011478723,8.687402018032074,1.573654103017504,1,
1039.700000000,7.846756678553766,8.762401711774098,1.573654103017504,1,
1039.800000000,7.8465423456288095,8.837401405516122,1.5736541030175035,1,
1039.900000000,7.846328012703853,8.912401099258146,1.5736541030175035,1,
1040.000000000,7.846113679778896,8.98740079300017,1.5736541030175033,1,
1040.100000000,7.8458993468539395,9.062400486742193,1.5736541030175026,1,
1040.200000000,7.845685013928983,9.137400180484217,1.5736541030175029,1,
1040.300000000,7.845470681004026,9.212399874226241,1.5736541030175024,1,
1040.400000000,7.84525634807907,9.287399567968265,1.5736541030175024,1,
1040.500000000,7.845042015154113,9.362399261710289,1.573654103017502,1,
1040.600000000,7.844827682229156,9.437398955452313,1.5736541030175017,1,
1040.700000000,7.8446133493042,9.512398649194337,1.5736541030175017,1,
1040.800000000,7.844399016379243,9.58739834293636,1.5736541030175013,1,
1040.900000000,7.844184683454286,9.662398036678384,1.5736541030175013,1,
1041.000000000,7.84397035052933,9.737397730420408,1.573654103017501,1,
1041.100000000,7.843756017604373,9.812397424162432,1.5736541030175002,1,
1041.200000000,7.843541684679416,9.887397117904456,1.5736541030175004,1,
1041.300000000,7.84332735175446,9.96239681164648,1.5736541030175002,1,
1041.400000000,7.843113018829503,10.037396505388504,1.5736541030175002,1,
1041.500000000,7.842898685904546,10.112396199130528,1.5736541030174998,1,
1041.600000000,7.84268435297959,10.187395892872551,1.5736541030174998,1,
1041.700000000,7.842470020054633,10.262395586614575,1.5736541030174995,1,
1041.800000000,7.842255687129677,10.3373952803566,1.5736541030174989,1,
1041.900000000,7.842041354204722,10.412394974098623,1.573654103017499,1,
1042.000000000,7.841827021279766,10.487394667840647,1.5736541030174986,1,
1042.100000000,7.84161268835481,10.56239436158267,1.5736541030174986,1,
1042.200000000,7.841398355429854,10.637394055324695,1.5736541030174982,1,
1042.300000000,7.8411840225048985,10.712393749066718,1.5736541030174982,1,
1042.400000000,7.840969689579943,10.787393442808742,1.573654103017498,1,
1042.500000000,7.840755356654987,10.862393136550766,1.5736541030174975,1,
1042.600000000,7.840541023730031,10.93739283029279,1.5736541030174975,1,
1042.700000000,7.8403266908050755,11.012392524034814,1.5736541030174973,1,
1042.800000000,7.84011235788012,11.087392217776838,1.566358137298431,1,
1042.900000000,7.840445220999589,11.162391479120824,1.5590621715793638,1,
1043.000000000,7.841325262444887,11.237386315790122,1.5621090462851124,1,
1043.100000000,7.841976800287914,11.31238348572632,1.5651559209908599,1,
1043.200000000,7.8423998284801595,11.387382292697822,1.559236850615399,1,
1043.300000000,7.843266769886321,11.46237728194776,1.553317780239938,1,
1043.400000000,7.844577594132852,11.5373658260048,1.546021814520872,1,
1043.500000000,7.8464354924840825,11.61234281056484,1.5387258488018059,1,
1043.600000000,7.848840366042447,11.687304244537039,1.5314298830827393,1,
1043.700000000,7.851792086794412,11.762246137658327,1.524133917363673,1,
1043.800000000,7.855290497617285,11.837164500705809,1.5196304167774812,1,
1043.900000000,7.8591262667151,11.912066348983593,1.5151269161912893,1,
1044.000000000,7.863299316292769,11.986950163371098,1.5106234156050977,1,
1044.100000000,7.867809561714659,12.061814425113496,1.5061199150189062,1,
1044.200000000,7.872656911506302,12.136657615852517,1.5016164144327144,1,
1044.300000000,7.877841267356253,12.211478217657241,1.4971129138465225,1,
1044.400000000,7.883362524118088,12.286274713054887,1.492609413260331,1,
1044.500000000,7.889220569812529,12.361045585061584,1.4881059126741392,1,
1044.600000000,7.895415285629721,12.435789317213144,1.4698368775689712,1,
1044.700000000,7.902974387619175,12.510407411380129,1.4515678424638025,1,
1044.800000000,7.911895352942994,12.584874963895913,1.4344117036005675,1,
1044.900000000,7.922092518431876,12.659178515735595,1.4172555647373328,1,
1045.000000000,7.9335628827961,12.733296197440787,1.401235529664302,1,
1045.100000000,7.9462190923790255,12.80722062073237,1.3852154945912714,1,
1045.200000000,7.960057899141208,12.880932813939458,1.3703560831680373,1,
1045.300000000,7.974990457610715,12.954431240436593,1.3554966717448036,1,
1045.400000000,7.991013470707828,13.027699671914888,1.3430377336593717,1,
1045.500000000,8.007948063469275,13.100762792351974,1.3305787955739403,1,
1045.600000000,8.025791607254556,13.173609260661582,1.3181198574885082,1,
1045.700000000,8.044541332332948,13.24622776938687,1.3056609194030768,1,
1045.800000000,8.064194328313432,13.318607046455593,1.2944448949670568,1,
1045.900000000,8.084657878860826,13.390761347082751,1.2832288705310368,1,
1046.000000000,8.105929409703743,13.462681594409904,1.2745924678387306,1,
1046.100000000,8.127821271753184,13.534415452357237,1.265956065146424,1,
1046.200000000,8.150331832161102,13.60595757051236,1.258660099427358,1,
1046.300000000,8.173363757651265,13.677333549722563,1.2513641337082912,1,
1046.400000000,8.196915822214018,13.748539590581691,1.2468606331220997,1,
1046.500000000,8.220788323304154,13.819638842980725,1.2423571325359075,1,
1046.600000000,8.244980776751941,13.890629864921367,1.2408105033973376,1,
1046.700000000,8.26928299800415,13.961583385216056,1.2392638742587676,1,
1046.800000000,8.293694928928378,14.032499234139626,1.2377172451201968,1,
1046.900000000,8.318216511129796,14.103377242057027,1.2361706159816268,1,
1047.000000000,8.33697431788739,14.157325256755632,1.1932866698043147,1,
1047.100000000,8.358027673899173,14.210419510728329,1.1504027236270025,1,
1047.200000000,8.36762924877398,14.231897394891327,1.0739290864609736,1,
1047.300000000,8.37884365272851,14.25257895412027,0.9974554492949457,1,
1047.400000000,8.379682608993017,14.253878267252974,0.8990020786075386,1,
1047.500000000,8.380645217710132,14.255088823607839,0.800548707920132,1,
1047.600000000,8.38172215578427,14.256198898657123,0.7020953372327251,1,
1047.700000000,8.382902992812687,14.257197741058555,0.6036419665453184,1,
1047.800000000,8.38417629210642,14.25807567678465,0.5051885958579119,1,
1047.900000000,8.385529721457361,14.258824202817985,0.4067352251705053,1,
1048.000000000,8.386950172578642,14.259436069504956,0.3082818544830985,1,
1048.100000000,8.38842388806152,14.2599053507704,0.20982848379569186,1,
1048.200000000,8.389936594619178,14.260227501513054,0.11137511310828517,1,
1048.300000000,8.391473641326913,14.260399401625952,0.012921742420878487,1,
1048.400000000,8.393020141519852,14.260419386215396,-0.0855316282665282,1,
1048.500000000,8.394561116973854,14.26028726172586,-0.18398499895393491,1,
1048.600000000,8.396081642973199,14.260004307814617,-0.2824383696413416,1,
1048.700000000,8.397566992860023,14.259573264957952,-0.3808917403287482,1,
1048.800000000,8.399002780665525,14.258998307908994,-0.47934511101615485,1,
1048.900000000,8.400375100441508,14.258285005264236,-0.5777984817035616,1,
1049.000000000,8.401670660942818,14.257440265530343,-0.6762518523909683,1,
1049.100000000,8.40287691435623,14.256472270213617,-0.7747052230783749,1,
1049.200000000,8.40398217782902,14.255390394580148,-0.8731585937657818,1,
1049.300000000,8.404975746620181,14.254205116854127,-0.9716119644531883,1,
1049.400000000,8.405847997778409,14.252927916733729,-1.070065335140595,1,
1049.500000000,8.40659048334268,14.251571164207501,-1.1685187058280018,1,
1049.600000000,8.407196012162771,14.250147999748062,-1.2669720765154087,1,
1049.700000000,8.407658719547282,14.248672207043482,-1.365425447202815,1,
1049.800000000,8.410925689485833,14.23298882617821,-1.4494054119985906,1,
1049.900000000,8.412865603661123,14.21708667975274,-1.5333853767943668,1,
1050.000000000,8.413464788606534,14.201077853894926,-1.6173653415901423,1,
1050.100000000,8.412719020972677,14.18507518666159,-1.7013453063859179,1,
1050.200000000,8.410633557295627,14.169191472700545,-1.7853252711816943,1,
1050.300000000,8.40722309694628,14.153538668218596,-1.8693052359774698,1,
1050.400000000,8.402511678521975,14.13822710185928,-1.953285200773246,1,
1050.500000000,8.396532510410673,14.123364697052475,-2.0372651655690213,1,
1050.600000000,8.389327736721944,14.109056211317123,-2.1212451303647972,1,
1050.700000000,8.38094814023462,14.09540249787886,-2.205225095160573,1,
1050.800000000,8.350380918502537,14.053866425414801,-2.2536537818152858,1,
1050.900000000,8.317838783752524,14.013858803315134,-2.3020824684699983,1,
1051.000000000,8.27122682930355,13.961908218904759,-2.3322860680031208,1,
1051.100000000,8.223067278200878,13.911388963608172,-2.3624896675362432,1,
1051.200000000,8.173404061012754,13.86234712048765,-2.3926932670693657,1,
1051.300000000,8.122282479933698,13.8148274249277,-2.422896866602488,1,
1051.400000000,8.069749167460387,13.768873223827972,-2.4531004661356106,1,
1051.500000000,8.015852043854036,13.724526436062742,-2.483304065668733,1,
1051.600000000,7.960640273428114,13.681827514243006,-2.5135076652018555,1,
1051.700000000,7.9041642197012445,13.640815407816092,-2.543711264734978,1,
1051.800000000,7.842174468232163,13.598598459645938,-2.536415299015912,1,
1051.900000000,7.780494377321553,13.555930364009283,-2.529119333296846,1,
1052.000000000,7.719127230254908,13.51281339216639,-2.5204829306045395,1,
1052.100000000,7.658134742686225,13.469168043500305,-2.5118465279122333,1,
1052.200000000,7.597521463861433,13.42499757338612,-2.503210125219927,1,
1052.300000000,7.537291914742425,13.380305276366153,-2.4945737225276208,1,
1052.400000000,7.477450587669848,13.33509448590422,-2.4859373198353145,1,
1052.500000000,7.418001946028038,13.289368574136999,-2.4773009171430083,1,
1052.600000000,7.358950423912109,13.243130951622515,-2.468664514450702,1,
1052.700000000,7.300300425797222,13.196385067085759,-2.4600281117583958,1,
1052.800000000,7.242056326210076,13.149134407161451,-2.4513917090660895,1,
1052.900000000,7.184222469402617,13.101382496133992,-2.4427553063737832,1,
1053.000000000,7.126803169028023,13.053132895674587,-2.432812859912035,1,
1053.100000000,7.069866417809185,13.004314801071827,-2.422870413450287,1,
1053.200000000,7.013417844025228,12.95493303806404,-2.412927966988539,1,
1053.300000000,6.9574630276982425,12.904992488108984,-2.4029855205267907,1,
1053.400000000,6.902007500041688,12.854498087901307,-2.3930430740650426,1,
1053.500000000,6.847056742913627,12.80345482888454,-2.3831006276032944,1,
1053.600000000,6.792616188274835,12.751867756757692,-2.3731581811415468,1,
1053.700000000,6.738691217651842,12.699741970976474,-2.363215734679798,1,
1053.800000000,6.685287161604963,12.647082624249213,-2.358712234093607,1,
1053.900000000,6.632120797712043,12.594183307142037,-2.3542087335074156,1,
1054.000000000,6.579193204265799,12.54104509253156,-2.3497052329212242,1,
1054.100000000,6.526505454716332,12.487669058139591,-2.345201732335033,1,
1054.200000000,6.474058617649352,12.434056286511279,-2.3406982317488416,1,
1054.300000000,6.421853756764507,12.380207864993151,-2.3361947311626503,1,
1054.400000000,6.369891930853807,12.326124885711069,-2.331691230576459,1,
1054.500000000,6.318174193780155,12.27180844554807,-2.3271877299902677,1,
1054.600000000,6.26670159445597,12.217259646122125,-2.328734359128838,1,
1054.700000000,6.215144689965558,12.162790520928429,-2.3302809882674085,1,
1054.800000000,6.16350360363619,12.108401200260463,-2.331827617405979,1,
1054.900000000,6.111778458996508,12.054091814220811,-2.3333742465445493,1,
1055.000000000,6.059969379776222,11.999862492720851,-2.3349208756831197,1,
1055.100000000,6.008076489905822,11.945713365480437,-2.33646750482169,1,
1055.200000000,5.956099913516277,11.891644562027597,-2.3380141339602605,1,
1055.300000000,5.904039774938739,11.83765621169822,-2.339560763098831,1,
1055.400000000,5.851896198704248,11.783748443635744,-2.3410269602606975,1,
1055.500000000,5.799673639128941,11.729917186253035,-2.342493157422564,1,
1055.600000000,5.747372208477419,11.67616255527296,-2.340946528283994,1,
1055.700000000,5.69515397882547,11.622327097700683,-2.339399899145424,1,
1055.800000000,5.643019075082296,11.568410942313916,-2.337853270006854,1,
1055.900000000,5.590967621957778,11.514414218083402,-2.336306640868284,1,
1056.000000000,5.5389997439621785,11.460337054172612,-2.3347600117297143,1,
1056.100000000,5.487115565405844,11.406179579937431,-2.3332133825911443,1,
1056.200000000,5.435315210398905,11.351941924925853,-2.3316667534525743,1,
1056.300000000,5.3835988028509805,11.297624218877669,-2.3301201243140044,1,
1056.400000000,5.331966466470885,11.243226591724156,-2.3285734951754344,1,
1056.500000000,5.280418324766326,11.18874917358777,-2.3270268660368645,1,
1056.600000000,5.228954501043615,11.134192094781827,-2.3254802368982945,1,
1056.700000000,5.177575118407369,11.079555485810202,-2.3239336077597246,1,
1056.800000000,5.126280299760217,11.024839477367008,-2.300407245040657,1,
1056.900000000,5.076286825952434,10.968931941411373,-2.2768808823215894,1,
1057.000000000,5.027622366582708,10.911863820763744,-2.2533545196025218,1,
1057.100000000,4.980313855687795,10.85366670058666,-2.229828156883454,1,
1057.200000000,4.934387476835494,10.794372790903498,-2.2063017941643865,1,
1057.300000000,4.889868648632978,10.734014908771378,-2.182775431445319,1,
1057.400000000,4.846782010658509,10.672626460118094,-2.1592490687262513,1,
1057.500000000,4.805151409824306,10.610241421253129,-2.1357227060071837,1,
1057.600000000,4.768746769622903,10.552805780593822,-2.1037238136903573,1,
1057.700000000,4.734198328970699,10.494234833063159,-2.07172492137353,1,
1057.800000000,4.7019651670281455,10.43536242766677,-2.0388437476890418,1,
1057.900000000,4.671684873290123,10.37546217176489,-2.0059625740045526,1,
1058.000000000,4.6433901830002124,10.314598821977272,-1.9730814003200638,1,
1058.100000000,4.617111684817388,10.252838176099601,-1.940200226635575,1,
1058.200000000,4.592877787747403,10.19024700197119,-1.9073190529510857,1,
1058.300000000,4.570714690430548,10.126892965293996,-1.8744378792665966,1,
1058.400000000,4.55064635281898,10.062844556480975,-1.8415567055821083,1,
1058.500000000,4.532694470274232,9.99817101661287,-1.8086755318976189,1,
1058.600000000,4.516878450112924,9.932942262583463,-1.77579435821313,1,
1058.700000000,4.503215390626009,9.867228811514227,-1.7429131845286405,1,
1058.800000000,4.491720062594254,9.80110170452009,-1.7100320108441522,1,
1058.900000000,4.482404893319933,9.734632429908714,-1.677150837159663,1,
1059.000000000,4.474443334113222,9.660056203301316,-1.6622914257364294,1,
1059.100000000,4.467590771908233,9.5853699101062,-1.647432014313195,1,
1059.200000000,4.461848719737304,9.510590040910898,-1.6325726028899614,1,
1059.300000000,4.4572184454343295,9.43573310696434,-1.6177131914667275,1,
1059.400000000,4.453700971354824,9.360815636531203,-1.6028537800434937,1,
1059.500000000,4.451297074150187,9.2858541712425,-1.58799436862026,1,
1059.600000000,4.450007284596222,9.210865262443221,-1.57677834418424,1,
1059.700000000,4.449558635967813,9.13586660435917,-1.5655623197482202,1,
1059.800000000,4.449951184704007,9.060867631662942,-1.5543462953122005,1,
1059.900000000,4.4511848814230035,8.985877779066705,-1.5431302708761807,1,
1060.000000000,4.453259570928364,8.910906480135338,-1.531914246440161,1,
1060.100000000,4.4561749922285365,8.835963166099711,-1.5206982220041412,1,
1060.200000000,4.459930778569686,8.761057264670253,-1.5094821975681216,1,
1060.300000000,4.464526457481832,8.686198198850965,-1.4982661731321016,1,
1060.400000000,4.469961450838287,8.611395385754028,-1.4870501486960819,1,
1060.500000000,4.476235074928379,8.536658235415148,-1.4758341242600619,1,
1060.600000000,4.483346540543464,8.461996149609798,-1.4773807533986318,1,
1060.700000000,4.490342523141603,8.387323154307033,-1.4789273825372025,1,
1060.800000000,4.497223005987976,8.312639428129232,-1.480474011675773,1,
1060.900000000,4.503987972624048,8.237945149724439,-1.4820206408143428,1,
1061.000000000,4.5106374068676045,8.163240497765939,-1.483567269952913,1,
1061.100000000,4.517171292812792,8.088525650951834,-1.4851138990914836,1,
1061.200000000,4.523589614830155,8.013800788004609,-1.4866605282300531,1,
1061.300000000,4.529892357566674,7.939066087670713,-1.4882071573686233,1,
1061.400000000,4.5360795059458034,7.864321728720123,-1.4897537865071941,1,
1061.500000000,4.542151045167505,7.789567889945921,-1.4913004156457634,1,
1061.600000000,4.548106960708284,7.714804750163866,-1.492847044784334,1,
1061.700000000,4.5539472383212285,7.640032488211965,-1.4943936739229045,1,
1061.800000000,4.558908580607394,7.575222110318301,-1.5089228952940694,1,
1061.900000000,4.562927788039375,7.510346491079494,-1.5234521166652346,1,
1062.000000000,4.56584625709999,7.44874892362655,-1.537236249760955,1,
1062.100000000,4.567915406726158,7.387116980629413,-1.551020382856676,1,
1062.200000000,4.569035970506158,7.330461394427115,-1.5636868835392306,1,
1062.300000000,4.5694388355635445,7.273796159839613,-1.5763533842217843,1,
1062.400000000,4.569142460692836,7.220463649994486,-1.5882747966288941,1,
1062.500000000,4.568210323097573,7.167138463037965,-1.6001962090360042,1,
1062.600000000,4.566158612739828,7.09737222476514,-1.630399808569127,1,
1062.700000000,4.562000967002126,7.027699766074115,-1.6606034081022496,1,
1062.800000000,4.555822163011646,6.959083977261183,-1.6917099824857675,1,
1062.900000000,4.547512290203523,6.890693553172086,-1.7228165568692855,1,
1063.000000000,4.537079388719976,6.822594664342617,-1.7539231312528043,1,
1063.100000000,4.524533552820402,6.754853199236268,-1.785029705636322,1,
1063.200000000,4.5098869211147665,6.687534700494442,-1.8161362800198402,1,
1063.300000000,4.493153664819004,6.620704301521265,-1.8472428544033583,1,
1063.400000000,4.474349974043782,6.554426663464349,-1.8783494287868774,1,
1063.500000000,4.453494042129909,6.488765912652485,-1.909456003170395,1,
1063.600000000,4.430002314601462,6.42207154451359,-1.9387453250254547,1,
1063.700000000,4.404567509181181,6.356093740087027,-1.9680346468805145,1,
1063.800000000,4.377211443922702,6.290889095334592,-1.9973239687355735,1,
1063.900000000,4.34795758494221,6.2265135429993546,-2.0266132905906344,1,
1064.000000000,4.3168310262891305,6.163022304626382,-2.055902612445694,1,
1064.100000000,4.283858468420376,6.100469843193526,-2.085191934300753,1,
1064.200000000,4.249068195296615,6.038909816392919,-2.1144812561558126,1,
1064.300000000,4.212490050120205,5.978395030603239,-2.1437705780108725,1,
1064.400000000,4.1741554097356,5.918977395592239,-2.1730598998659323,1,
1064.500000000,4.1340971577142005,5.8607078799883885,-2.202349221720992,1,
1064.600000000,4.092349656146722,5.803636467559828,-2.231638543576052,1,
1064.700000000,4.048948716167294,5.747812114338144,-2.260927865431112,1,
1064.800000000,4.003931567234552,5.69328270662373,-2.2902171872861716,1,
1064.900000000,3.957336825196105,5.640095019908778,-2.3195065091412315,1,
1065.000000000,3.9062847415910182,5.585152461180782,-2.3195065091412315,1,
1065.100000000,3.8552326579859315,5.530209902452786,-2.3195065091412315,1,
1065.200000000,3.804180574380845,5.4752673437247905,-2.3195065091412315,1,
1065.300000000,3.753128490775758,5.420324784996795,-2.3195065091412315,1,
1065.400000000,3.7020764071706713,5.365382226268799,-2.3195065091412315,1,
1065.500000000,3.6510243235655846,5.310439667540803,-2.3195065091412315,1,
1065.600000000,3.599972239960498,5.255497108812807,-2.3195065091412315,1,
1065.700000000,3.548920156355411,5.200554550084811,-2.3195065091412315,1,
1065.800000000,3.4978680727503244,5.145611991356815,-2.2969942417719063,1,
1065.900000000,3.4480657023515464,5.089534153464624,-2.274481974402581,1,
1066.000000000,3.3995382840431154,5.032349455578576,-2.251969707033256,1,
1066.100000000,3.352310410587857,4.974086877804381,-2.2294574396639306,1,
1066.200000000,3.306406016164245,4.914775946496557,-2.2069451722946054,1,
1066.300000000,3.261848364237018,4.854446719295042,-2.18443290492528,1,
1066.400000000,3.2186600357677055,4.793129769892558,-2.161920637555955,1,
1066.500000000,3.176862917771028,4.730856172540455,-2.1394083701866298,1,
1066.600000000,3.1382890798577616,4.670491372575762,-2.111045302324573,1,
1066.700000000,3.101442657898264,4.609056925927982,-2.0826822344625167,1,
1066.800000000,3.0663532915113954,4.546602251061288,-2.054319166600461,1,
1066.900000000,3.0330492069234882,4.483177587121321,-2.025956098738405,1,
1067.000000000,3.0015571942628965,4.418833953522328,-1.9975930308763474,1,
1067.100000000,2.9719025860097577,4.353623108906657,-1.9692299630142904,1,
1067.200000000,2.944109236618299,4.2875975095096,-1.9408668951522339,1,
1067.300000000,2.918199503328084,4.22081026696309,-1.9125038272901775,1,
1067.400000000,2.8941942281796336,4.153315105572191,-1.8841407594281205,1,
1067.500000000,2.872112721248884,4.085166319098743,-1.8557776915660646,1,
1067.600000000,2.8517087737440603,4.015517663653678,-1.8283535572452627,1,
1067.700000000,2.8332223131621364,3.9453357068967017,-1.8009294229244615,1,
1067.800000000,2.816667241987143,3.8746732281864555,-1.7735052886036604,1,
1067.900000000,2.80205601022873,3.8035833682513913,-1.7460811542828587,1,
1068.000000000,2.7893996060593107,3.732119589226032,-1.718657019962059,1,
1068.100000000,2.7787075475505607,3.66033563444552,-1.6912328856412568,1,
1068.200000000,2.769987875515486,3.5882854880286956,-1.6638087513204556,1,
1068.300000000,2.7632471474614397,3.5160233342800944,-1.636384616999654,1,
1068.400000000,2.758490432658644,3.4436035169413994,-1.608960482678853,1,
1068.500000000,2.7557213083279133,3.371080498322991,-1.5815363483580516,1,
1068.600000000,2.754915822196096,3.2960848238337817,-1.5643802094948165,1,
1068.700000000,2.7553970276919904,3.221086367574531,-1.547224070631581,1,
1068.800000000,2.7571647831843644,3.146107203531984,-1.5312040355585514,1,
1068.900000000,2.7601334293019257,3.0711659789607997,-1.515184000485521,1,
1069.000000000,2.764302204183105,2.9962819264797136,-1.4991639654124902,1,
1069.100000000,2.7696700379700454,2.921474264035043,-1.48314393033946,1,
1069.200000000,2.7762355530831675,2.846762189968669,-1.4671238952664294,1,
1069.300000000,2.7839970645747045,2.7721648780910497,-1.4511038601933994,1,
1069.400000000,2.792952580561121,2.6977014727605315,-1.4350838251203688,1,
1069.500000000,2.8030998027343026,2.6233910839702146,-1.4190637900473384,1,
1069.600000000,2.8144361269513842,2.5492527824436406,-1.416016915341591,1,
1069.700000000,2.8259982883145747,2.475149365352311,-1.4129700406358434,1,
1069.800000000,2.8377861794872627,2.4010815206307257,-1.4114234114972735,1,
1069.900000000,2.849688612002479,2.327031995985251,-1.4098767823587033,1,
1070.000000000,2.861705557388876,2.2530009685468833,-1.408330153220133,1,
1070.100000000,2.8738369869011855,2.1789886154023717,-1.4067835240815634,1,
1070.200000000,2.886082871520285,2.104995113593796,-1.4052368949429936,1,
1070.300000000,2.8984431819532683,2.0310206401181414,-1.4036902658044235,1,
1070.400000000,2.910917888633517,1.9570653719268776,-1.4021436366658533,1,
1070.500000000,2.923506961720769,1.883129485925533,-1.400597007527283,1,
1070.600000000,2.9362103711011907,1.8092131589732727,-1.3990503783887134,1,
1070.700000000,2.949028086387449,1.735316567882476,-1.3975037492501436,1,
1070.800000000,2.9619600769187846,1.6614398894183122,-1.3959571201115737,1,
1070.900000000,2.975006311761084,1.5875833002983186,-1.3944104909730037,1,
1071.000000000,2.9869969421117673,1.520310205912541,-1.4063365667835492,1,
1071.100000000,2.998184434746179,1.4528988978626343,-1.4182626425940947,1,
1071.200000000,3.0078074840527913,1.3903009104097328,-1.4293160787111865,1,
1071.300000000,3.0167380367349863,1.3276003813856356,-1.4403695148282778,1,
1071.400000000,3.024324714976384,1.2697625037357834,-1.450550311251915,1,
1071.500000000,3.0313221745608474,1.2118503863755834,-1.4607311076755511,1,
1071.600000000,3.037363546465824,1.1571831948846556,-1.4703301443035515,1,
1071.700000000,3.042879895727461,1.102460531473381,-1.479929180931552,1,
1071.800000000,3.0487781355808483,1.0377286941239598,-1.491273496946461,1,
1071.900000000,3.0539416732372686,0.972934111951754,-1.5026178129613705,1,
1072.000000000,3.059051101259749,0.8981083560565872,-1.5174772243846044,1,
1072.100000000,3.0630481394311024,0.8232149405525742,-1.5323366358078392,1,
1072.200000000,3.065931905213114,0.7482704017594473,-1.547196047231073,1,
1072.300000000,3.0677017618759375,0.6732912872848613,-1.5620554586543074,1,
1072.400000000,3.068357318638681,0.5982941523707139,-1.576914870077541,1,
1072.500000000,3.0678984307556934,0.5232955562377806,-1.591774281500775,1,
1072.600000000,3.0663251995485217,0.44831205842947086,-1.5990702472198415,1,
1072.700000000,3.0642049380376593,0.37334203447905745,-1.606366212938908,1,
1072.800000000,3.0615377590864914,0.2983894751068622,-1.6122852833143684,1,
1072.900000000,3.058426979974843,0.2234540158547929,-1.6182043536898294,1,
1073.000000000,3.054872709689768,0.14853828210853215,-1.6241234240652898,1,
1073.100000000,3.050875072756163,0.07364489856267359,-1.6300424944407503,1,
1073.200000000,3.0464342092324044,-0.001223510871234873,-1.6359615648162107,1,
1073.300000000,3.041550274705442,-0.07606432315662061,-1.6418806351916713,1,
1073.400000000,3.036223440285347,-0.15087491622378518,-1.6477997055671318,1,
1073.500000000,3.0304538925993176,-0.22565266906176926,-1.6537187759425926,1,
1073.600000000,3.024241833785141,-0.30039496181018055,-1.6537187759425926,1,
1073.700000000,3.018029774970964,-0.3751372545585918,-1.6537187759425929,1,
1073.800000000,3.0118177161567874,-0.4498795473070031,-1.6521721468040231,1,
1073.900000000,3.005721263334185,-0.5246313584086867,-1.650625517665453,1,
1074.000000000,2.999740431086245,-0.5993925090527344,-1.6490788885268832,1,
1074.100000000,2.9938752337194843,-0.6741628204058975,-1.647532259388313,1,
1074.200000000,2.9881256852638143,-0.748942113613014,-1.645985630249743,1,
1074.300000000,2.982491799472507,-0.8237302097974369,-1.6444390011111734,1,
1074.400000000,2.9769735898221614,-0.8985269300614621,-1.6428923719726032,1,
1074.500000000,2.9715710695126734,-0.9733320954867559,-1.6413457428340332,1,
1074.600000000,2.966284251467202,-1.0481455271347835,-1.6397991136954637,1,
1074.700000000,2.9611131483321396,-1.1229670460472363,-1.6382524845568933,1,
1074.800000000,2.956057772477082,-1.1977964732464612,-1.6309565188378268,1,
1074.900000000,2.9515484792650977,-1.2726607923492779,-1.6236605531187611,1,
1075.000000000,2.9475855087298313,-1.3475560182621265,-1.6163645873996955,1,
1075.100000000,2.94416907182369,-1.4224781642462503,-1.609068621680629,1,
1075.200000000,2.9412993504066165,-1.4974232421299138,-1.6017726559615626,1,
1075.300000000,2.9389764972364056,-1.5723872625206963,-1.5944766902424972,1,
1075.400000000,2.9372006359605747,-1.6473662350178504,-1.5871807245234308,1,
1075.500000000,2.935971861109782,-1.7223561684247155,-1.579884758804365,1,
1075.600000000,2.935290238092793,-1.7973530709611718,-1.5725887930852986,1,
1075.700000000,2.9351558031930014,-1.8723529504761265,-1.5652928273662325,1,
1075.800000000,2.9355685635664948,-1.9473518146600197,-1.5637461982276624,1,
1075.900000000,2.9360973188287756,-2.0223499507560097,-1.5621995690890924,1,
1076.000000000,2.9367420677150293,-2.0973471793639633,-1.560652939950523,1,
1076.100000000,2.937502808682977,-2.1723433210859193,-1.5591063108119523,1,
1076.200000000,2.9383795399128796,-2.2473381965265156,-1.5575596816733828,1,
1076.300000000,2.9393722593075426,-2.322331626293419,-1.5560130525348128,1,
1076.400000000,2.94048096449232,-2.397323430997755,-1.5544664233962426,1,
1076.500000000,2.9417056528151218,-2.472313431254536,-1.5529197942576727,1,
1076.600000000,2.9430463213464177,-2.5473014476830906,-1.5513731651191025,1,
1076.700000000,2.9445029668792473,-2.6222873009074936,-1.549826535980533,1,
1076.800000000,2.9460755859292247,-2.697270811556993,-1.548279906841963,1,
1076.900000000,2.9477641747345493,-2.7722518002664422,-1.5467332777033929,1,
1077.000000000,2.9491384285102016,-2.829351318923225,-1.503849331526081,1,
1077.100000000,2.9529593210589744,-2.8863394263177238,-1.4609653853487687,1,
1077.200000000,2.9555380518646097,-2.9097240344099657,-1.3844917481827406,1,
1077.300000000,2.9598958093326186,-2.9328432839229945,-1.308018111016712,1,
1077.400000000,2.9598958093326186,-2.9328432839229945,-1.2080181110167116,1,
1077.500000000,2.9598958093326186,-2.9328432839229945,-1.1080181110167118,1,
1077.600000000,2.9598958093326186,-2.9328432839229945,-1.0080181110167117,1,
1077.700000000,2.9598958093326186,-2.9328432839229945,-0.9080181110167119,1,
1077.800000000,2.9598958093326186,-2.9328432839229945,-0.8080181110167116,1,
1077.900000000,2.9598958093326186,-2.9328432839229945,-0.7080181110167117,1,
1078.000000000,2.9598958093326186,-2.9328432839229945,-0.6080181110167119,1,
1078.100000000,2.9598958093326186,-2.9328432839229945,-0.5080181110167118,1,
1078.200000000,2.9598958093326186,-2.9328432839229945,-0.4080181110167119,1,
1078.300000000,2.9598958093326186,-2.9328432839229945,-0.3080181110167118,1,
1078.400000000,2.9598958093326186,-2.9328432839229945,-0.2080181110167119,1,
1078.500000000,2.9598958093326186,-2.9328432839229945,-0.10801811101671183,1,
1078.600000000,2.9842766056536276,-2.935487142263224,-0.0325418386324256,1,
1078.700000000,3.0087873494538067,-2.936285048605912,0.04293443375186062,1,
1078.800000000,3.042510258995002,-2.9348362842700983,0.10918041849405233,1,
1078.900000000,3.0760632939478914,-2.931158324037233,0.175426403236244,1,
1079.000000000,3.1092992596379094,-2.925267302845938,0.2416723879784358,1,
1079.100000000,3.1420723523498193,-2.9171890641690412,0.30791837272062755,1,
1079.200000000,3.174238798957792,-2.9069590466401802,0.37416435746281923,1,
1079.300000000,3.20565748764744,-2.8946221285871445,0.44041034220501074,1,
1079.400000000,3.2361905869628784,-2.880232431153983,0.5066563269472026,1,
1079.500000000,3.2657041504630913,-2.8638530808755602,0.5729023116893943,1,
1079.600000000,3.307720713056831,-2.8367494192724925,0.6229023116445218,1,
1079.700000000,3.348330147398424,-2.8075796772965496,0.6729023115996494,1,
1079.800000000,3.4069813528249258,-2.760835307560524,0.6964286743187168,1,
1079.900000000,3.464516704027231,-2.7127241512448896,0.7199550370377842,1,
1080.000000000,3.520904357247408,-2.6632728361529625,0.7424673044071094,1,
1080.100000000,3.576164555182561,-2.6125647448443,0.7649795717764345,1,
1080.200000000,3.630269293026565,-2.560625575204888,0.7874918391457594,1,
1080.300000000,3.683191151538258,-2.507481649007548,0.8100041065150847,1,
1080.400000000,3.7349033109369874,-2.4531598985725664,0.8325163738844097,1,
1080.500000000,3.7853795644943586,-2.3976878531189154,0.8550286412537349,1,
1080.600000000,3.834594331815302,-2.3410936248129706,0.8775409086230598,1,
1080.700000000,3.882522671801724,-2.283405894521808,0.9000531759923849,1,
1080.800000000,3.9291402952921772,-2.22465389727829,0.8941341056169244,1,
1080.900000000,3.9761048573273605,-2.166178860614399,0.8882150352414637,1,
1081.000000000,4.023414712490138,-2.1079828332201083,0.8822959648660031,1,
1081.100000000,4.071068203265928,-2.050067854010221,0.8763768944905425,1,
1081.200000000,4.1190636601007755,-1.9924359520529342,0.8704578241150813,1,
1081.300000000,4.167399401459844,-1.935089146498751,0.864538753739621,1,
1081.400000000,4.216073733886328,-1.878029446509739,0.8586196833641601,1,
1081.500000000,4.265084952060789,-1.8212588511891383,0.8527006129886995,1,
1081.600000000,4.314431338860895,-1.764779349511323,0.8467815426132386,1,
1081.700000000,4.364111165421584,-1.7085929202521164,0.8408624722377783,1,
1081.800000000,4.414122691195636,-1.6527015319194636,0.8349434018623175,1,
1081.900000000,4.464464164014649,-1.597107142684465,0.8290243314868567,1,
1082.000000000,4.515133820150434,-1.541811700312771,0.8231052611113959,1,
1082.100000000,4.566129884376801,-1.4868171420963414,0.8171861907359352,1,
1082.200000000,4.6174505700317585,-1.432125394785572,0.8112671203604749,1,
1082.300000000,4.669094079080108,-1.3777383745217902,0.805348049985014,1,
1082.400000000,4.72105860217644,-1.3236579867701217,0.7994289796095533,1,
1082.500000000,4.773342318728522,-1.2698861262527332,0.7935099092340925,1,
1082.600000000,4.825943396961089,-1.2164246768824496,0.7875908388586319,1,
1082.700000000,4.878859993980014,-1.1632755116967508,0.7816717684831714,1,
1082.800000000,4.932090255836878,-1.1104404927921492,0.7757526981077106,1,
1082.900000000,4.985632317593925,-1.0579214712589502,0.7698336277322498,1,
1083.000000000,5.024927315767474,-1.019831038654863,0.7245600193310545,1,
1083.100000000,5.06590595162294,-0.9835580550327401,0.6792864109298589,1,
1083.200000000,5.08180098937063,-0.9707231009130407,0.5997164934616374,1,
1083.300000000,5.0986659338661715,-0.9591921894391983,0.5201465759934156,1,
1083.400000000,5.100008015790979,-0.9584235033279156,0.4216932053060089,1,
1083.500000000,5.101419156060063,-0.9577904588021965,0.3232398346186022,1,
1083.600000000,5.1028856874425115,-0.9572991870496341,0.22478646393119556,1,
1083.700000000,5.104393406231237,-0.956954446154616,0.1263330932437888,1,
1083.800000000,5.105927709809272,-0.9567595750151383,0.027879722556382148,1,
1083.900000000,5.10747373807961,-0.9567164610047808,-0.07057364813102454,1,
1084.000000000,5.1090165173887945,-0.9568255216930425,-0.16902701881843124,1,
1084.100000000,5.110541105550336,-0.9570857008010809,-0.26748038950583797,1,
1084.200000000,5.112032736563359,-0.9574944784320256,-0.3659337601932446,1,
1084.300000000,5.113476963624851,-0.9580478954767816,-0.4643871308806512,1,
1084.400000000,5.114859799050405,-0.9587405919589476,-0.5628405015680581,1,
1084.500000000,5.116167849748288,-0.9595658589474692,-0.6612938722554647,1,
1084.600000000,5.117388446934732,-0.9605157035342401,-0.7597472429428714,1,
1084.700000000,5.118509768834141,-0.9615809262473284,-0.8582006136302784,1,
1084.800000000,5.119520955175809,-0.9627512101500615,-0.9566539843176846,1,
1084.900000000,5.120412212378242,-0.964015220763025,-1.0551073550050916,1,
1085.000000000,5.121174908402333,-0.9653607158412059,-1.153560725692498,1,
1085.100000000,5.121801656354727,-0.9667746639430621,-1.2520140963799047,1,
1085.200000000,5.122286386031648,-0.9682433706431504,-1.3504674670673114,1,
1085.300000000,5.122624402710278,-0.9697526111659105,-1.4489208377547182,1,
1085.400000000,5.122812432618262,-0.9712877681560181,-1.547374208442125,1,
1085.500000000,5.1228486546409835,-0.972833973250966,-1.6458275791295318,1,
1085.600000000,5.120936758655032,-0.9982674664441449,-1.7203223262927418,1,
1085.700000000,5.117137255481128,-1.0234881265841982,-1.7948170734559519,1,
1085.800000000,5.106378741121992,-1.0707066829851046,-1.846388386711407,1,
1085.900000000,5.093200486568411,-1.1173078772479386,-1.8979596999668604,1,
1086.000000000,5.077384993462153,-1.1639119635221145,-1.9487451626872623,1,
1086.100000000,5.059224098522748,-1.2096531110224211,-1.9995306254076637,1,
1086.200000000,5.0387646315960835,-1.254413371217394,-2.0503160881280666,1,
1086.300000000,5.016059349646304,-1.2980773249003341,-2.101101550848469,1,
1086.400000000,4.991166800716229,-1.3405323798103062,-2.1518870135688712,1,
1086.500000000,4.964151172954848,-1.3816690609635474,-2.2026724762892735,1,
1086.600000000,4.925532655383094,-1.4344271611739683,-2.237290467775825,1,
1086.700000000,4.885111261123905,-1.4858170232422385,-2.2719084592623764,1,
1086.800000000,4.837057091348632,-1.5427403412999545,-2.297413711987883,1,
1086.900000000,4.787566864565503,-1.59841964467603,-2.3229189647133897,1,
1087.000000000,4.736672773308527,-1.6528187149494933,-2.3484242174388963,1,
1087.100000000,4.684407923301202,-1.7059021664687983,-2.373929470164403,1,
1087.200000000,4.6308063119218135,-1.757635469369576,-2.3994347228899096,1,
1087.300000000,4.575902806088731,-1.8079849720357124,-2.424939975615416,1,
1087.400000000,4.519733119580082,-1.8569179229891415,-2.450445228340923,1,
1087.500000000,4.462333789802559,-1.9044024921941132,-2.4759504810664295,1,
1087.600000000,4.403742154024469,-1.9504077917620797,-2.501455733791936,1,
1087.700000000,4.343996325088492,-1.9949038960437306,-2.5269609865174427,1,
1087.800000000,4.282722382265078,-2.0381532189386964,-2.5183245838251365,1,
1087.900000000,4.221824238486486,-2.0819301087816493,-2.50968818113283,1,
1088.000000000,4.161306435961828,-2.1262313003862383,-2.501051778440524,1,
1088.100000000,4.101173488531706,-2.1710534894600233,-2.4924153757482177,1,
1088.200000000,4.041429881331539,-2.216393332850932,-2.4839078709518616,1,
1088.300000000,3.9820741604510212,-2.2622397983499654,-2.4754003661555055,1,
1088.400000000,3.923110621891112,-2.3085895677182595,-2.46752304689962,1,
1088.500000000,3.8645140208839326,-2.355402368856468,-2.4596457276437347,1,
1088.600000000,3.806287993456264,-2.4026752969442478,-2.452083501158085,1,
1088.700000000,3.74842111609597,-2.450387187543644,-2.444521274672435,1,
1088.800000000,3.6909166980359864,-2.4985353121549165,-2.43727414095702,1,
1088.900000000,3.633762722905448,-2.547098910938139,-2.4300270072416055,1,
1089.000000000,3.5935133116038114,-2.5818041536103116,-2.383172740645734,1,
1089.100000000,3.5549335662282884,-2.618356475367247,-2.336318474049863,1,
1089.200000000,3.5422747037701074,-2.631528827075976,-2.25458750928092,1,
1089.300000000,3.5307334888893855,-2.6456906774971114,-2.172856544511977,1,
1089.400000000,3.5307334888893855,-2.6456906774971114,-2.0728565445119767,1,
1089.500000000,3.5307334888893855,-2.6456906774971114,-1.9728565445119781,1,
1089.600000000,3.5307334888893855,-2.6456906774971114,-1.8728565445119778,1,
1089.700000000,3.5307334888893855,-2.6456906774971114,-1.772856544511978,1,
1089.800000000,3.5307334888893855,-2.6456906774971114,-1.6728565445119767,1,
1089.900000000,3.5307334888893855,-2.6456906774971114,-1.5728565445119769,1,
1090.000000000,3.5307334888893855,-2.6456906774971114,-1.4728565445119766,1,
1090.100000000,3.5307334888893855,-2.6456906774971114,-1.372856544511977,1,
1090.200000000,3.5307334888893855,-2.6456906774971114,-1.2728565445119768,1,
1090.300000000,3.5307334888893855,-2.6456906774971114,-1.1728565445119763,1,
1090.400000000,3.5307334888893855,-2.6456906774971114,-1.0728565445119762,1,
1090.500000000,3.5307334888893855,-2.6456906774971114,-0.972856544511976,1,
1090.600000000,3.5307334888893855,-2.6456906774971114,-0.8728565445119767,1,
1090.700000000,3.5307334888893855,-2.6456906774971114,-0.7728565445119762,1,
1090.800000000,3.5307334888893855,-2.6456906774971114,-0.6728565445119763,1,
1090.900000000,3.5307334888893855,-2.6456906774971114,-0.5728565445119764,1,
1091.000000000,3.5307334888893855,-2.6456906774971114,-0.47285654451197634,1,
1091.100000000,3.5307334888893855,-2.6456906774971114,-0.3728565445119764,1,
1091.200000000,3.5307334888893855,-2.6456906774971114,-0.2728565445119764,1,
1091.300000000,3.5307334888893855,-2.6456906774971114,-0.17285654451197638,1,
1091.400000000,3.5307334888893855,-2.6456906774971114,-0.07285654451197639,1,
1091.500000000,3.5307334888893855,-2.6456906774971114,0.02714345548802363,1,
1091.600000000,3.5307334888893855,-2.6456906774971114,0.1271434554880236,1,
1091.700000000,3.5307334888893855,-2.6456906774971114,0.22714345548802364,1,
1091.800000000,3.571733365317783,-2.636214285081151,0.2850626774490527,1,
1091.900000000,3.6121159326792234,-2.62438042967964,0.34298189941008195,1,
1092.000000000,3.6606835290639013,-2.607037161776131,0.3914105860647943,1,
1092.100000000,3.7083545994592217,-2.587363082190996,0.43983927271950646,1,
1092.200000000,3.755017360956963,-2.5654043242670435,0.488267959374219,1,
1092.300000000,3.8005623950116085,-2.5412123786421246,0.5366966460289313,1,
1092.400000000,3.844882904013633,-2.5148439725097984,0.5851253326836436,1,
1092.500000000,3.887874961717013,-2.4863609366009087,0.6335540193383561,1,
1092.600000000,3.9426789977170795,-2.446103412034165,0.6655529116551823,1,
1092.700000000,3.9961670020193907,-2.4041131269447003,0.697551803972009,1,
1092.800000000,4.05364828187862,-2.355937381327793,0.7210781666910764,1,
1092.900000000,4.109980359307841,-2.30642276679321,0.7446045294101438,1,
1093.000000000,4.165132056518093,-2.255596687908167,0.7681308921292114,1,
1093.100000000,4.21907284901863,-2.2034872750884666,0.7916572548482785,1,
1093.200000000,4.271772882511127,-2.1501233690293176,0.8151836175673458,1,
1093.300000000,4.323202989412968,-2.0955345047430436,0.8387099802864133,1,
1093.400000000,4.373334705000459,-2.0397508952125114,0.8622363430054805,1,
1093.500000000,4.422140283163036,-1.982803414669325,0.8857627057245481,1,
1093.600000000,4.4695927117597405,-1.9247235815060433,0.9092890684436155,1,
1093.700000000,4.515665727569477,-1.8655435408318786,0.932815431162683,1,
1093.800000000,4.560333830826762,-1.805296046681528,0.9268963607872222,1,
1093.900000000,4.605357758679531,-1.7453140000283118,0.9209772904117615,1,
1094.000000000,4.650735933701334,-1.6855995023607386,0.9136813246926953,1,
1094.100000000,4.696548572025731,-1.6262176686928735,0.9063853589736286,1,
1094.200000000,4.742793235005685,-1.5671716599719576,0.8990893932545625,1,
1094.300000000,4.789467460997106,-1.5084646192689748,0.8917934275354963,1,
1094.400000000,4.83656876548989,-1.4500996716113428,0.88449746181643,1,
1094.500000000,4.884094641240164,-1.392079923816566,0.8772014960973636,1,
1094.600000000,4.932042558403757,-1.3344084643268561,0.8699055303782972,1,
1094.700000000,4.980409964670861,-1.2770883630447323,0.862609564659231,1,
1094.800000000,5.0291942854018945,-1.2201226711696072,0.8553135989401645,1,
1094.900000000,5.078392923764551,-1.1635144210353687,0.8480176332210982,1,
1095.000000000,5.114069427334088,-1.1230646926283447,0.8019527186029647,1,
1095.100000000,5.1515707396189185,-1.0843007272472742,0.7558878039848306,1,
1095.200000000,5.165658263878379,-1.0710210533633044,0.6752477646827632,1,
1095.300000000,5.180769721850986,-1.0589193214142136,0.5946077253806957,1,
1095.400000000,5.1820509005584965,-1.0580529246517574,0.4961543546932893,1,
1095.500000000,5.183411036950761,-1.0573166562054612,0.3977009840058826,1,
1095.600000000,5.184836957781609,-1.0567176470112707,0.2992476133184758,1,
1095.700000000,5.186314852666856,-1.0562616986164552,0.20079424263106915,1,
1095.800000000,5.18783040784117,-1.0559532269902365,0.10234087194366247,1,
1095.900000000,5.189368944790317,-1.0557952197540703,0.0038875012562557833,1,
1096.000000000,5.1909155624160785,-1.0557892072458188,-0.0945658694311509,1,
1096.100000000,5.192455281356951,-1.0559352476980621,-0.1930192401185576,1,
1096.200000000,5.193973189066843,-1.0562319266741016,-0.2914726108059642,1,
1096.300000000,5.19545458424665,-1.056676370767118,-0.38992598149337104,1,
1096.400000000,5.196885119229853,-1.0572642754298034,-0.48837935218077766,1,
1096.500000000,5.198250938943095,-1.0579899466649307,-0.5868327228681844,1,
1096.600000000,5.1995388150958854,-1.058846356173079,-0.685286093555591,1,
1096.700000000,5.200736274299751,-1.0598252094233929,-0.7837394642429977,1,
1096.800000000,5.201831718875988,-1.060917025988098,-0.8821928349304043,1,
1096.900000000,5.202814539181954,-1.0621112313627106,-0.9806462056178108,1,
1097.000000000,5.2036752163679925,-1.0633962593826412,-1.0790995763052178,1,
1097.100000000,5.2044054145697665,-1.064759664244265,-1.1775529469926245,1,
1097.200000000,5.2049980616431,-1.066188241045505,-1.2760063176800311,1,
1097.300000000,5.205447417659387,-1.067668153678467,-1.3744596883674376,1,
1097.400000000,5.205749130498166,-1.0691850688354512,-1.4729130590548447,1,
1097.500000000,5.205900277998454,-1.070724294830466,-1.5713664297422512,1,
1097.600000000,5.205885737379426,-1.096229543522431,-1.6458611769054614,1,
1097.700000000,5.2039729868857485,-1.121662972465802,-1.7203559240686717,1,
1097.800000000,5.196639889894963,-1.170328117777089,-1.771141386789074,1,
1097.900000000,5.186845827831437,-1.2185582642411081,-1.8219268495094767,1,
1098.000000000,5.174420868899228,-1.266989869624578,-1.871926849464604,1,
1098.100000000,5.1595908665289185,-1.3147399589876763,-1.9219268494197321,1,
1098.200000000,5.1423928880030525,-1.361689181974975,-1.971926849374859,1,
1098.300000000,5.122869919311333,-1.4077201899798992,-2.0219268493299873,1,
1098.400000000,5.101070757708038,-1.4527179294551287,-2.0719268492851137,1,
1098.500000000,5.077049889744291,-1.4965699294865469,-2.121926849240242,1,
1098.600000000,5.042360133885909,-1.553007074578182,-2.155680864398831,1,
1098.700000000,5.005785519215615,-1.6082413761427714,-2.18943487955742,1,
1098.800000000,4.9622910264792885,-1.6693415324568894,-2.2119471469267453,1,
1098.900000000,4.917432167955869,-1.7294471296336567,-2.2344594142960705,1,
1099.000000000,4.871231677252597,-1.7885277073117476,-2.2569716816653957,1,
1099.100000000,4.823712967890117,-1.8465533245900165,-2.279483949034721,1,
1099.200000000,4.774900121436948,-1.90349457520097,-2.301996216404046,1,
1099.300000000,4.724817875305415,-1.9593226024132986,-2.3245084837733714,1,
1099.400000000,4.673491610215196,-2.0140091136559133,-2.3470207511426966,1,
1099.500000000,4.620947337330869,-2.0675263948560767,-2.369533018512022,1,
1099.600000000,4.567211685079948,-2.119847324484363,-2.3725798932177695,1,
1099.700000000,4.513316867184421,-2.1720042857072714,-2.3756267679235172,1,
1099.800000000,4.459263383973504,-2.223996794328871,-2.3771733970620876,1,
1099.900000000,4.405129552315445,-2.2759056401069935,-2.378720026200658,1,
1100.000000000,4.350915501701682,-2.327730698872502,-2.3802124054547007,1,
1100.100000000,4.29662416884673,-2.379474792031363,-2.3817047847087434,1,
1100.200000000,4.242255674667998,-2.4311378043393685,-2.3831186176862573,1,
1100.300000000,4.187814191982308,-2.4827238970677747,-2.3845324506637713,1,
1100.400000000,4.133299829614011,-2.5342329670999355,-2.385867737364757,1,
1100.500000000,4.078716736489249,-2.585669198930558,-2.3872030240657427,1,
1100.600000000,4.0240650099291475,-2.63703250084934,-2.3884597644901997,1,
1100.700000000,3.96934877620655,-2.6883270791906626,-2.3897165049146567,1,
1100.800000000,3.9145681217400723,-2.7395528529400597,-2.3760436313286366,1,
1100.900000000,3.860492969452173,-2.7915228241257406,-2.3623707577426165,1,
1101.000000000,3.807133428398385,-2.8442272772443253,-2.3486978841565964,1,
1101.100000000,3.754499473854615,-2.8976563594850338,-2.3350250105705763,1,
1101.200000000,3.702600945452319,-2.951800082571612,-2.3213521369845562,1,
1101.300000000,3.6514475453390367,-3.006648324629589,-2.307679263398536,1,
1101.400000000,3.6010488363646282,-3.062190832078505,-2.294006389812516,1,
1101.500000000,3.5514142402935502,-3.118417221548761,-2.280333516226496,1,
1101.600000000,3.50255303604351,-3.1753169818227365,-2.266660642640476,1,
1101.700000000,3.4544743579508213,-3.232879475799801,-2.2529877690544557,1,
1101.800000000,3.4087155998883136,-3.2892123466627528,-2.2255636347336543,1,
1101.900000000,3.3645187345208023,-3.34677877238792,-2.1981395004128528,1,
1102.000000000,3.3219169994825144,-3.4055354609502664,-2.1707153660920513,1,
1102.100000000,3.28094243281223,-3.465438225204243,-2.1432912317712502,1,
1102.200000000,3.2416258488595258,-3.526442016114112,-2.1158670974504483,1,
1102.300000000,3.2039968151112714,-3.5885009566324437,-2.088442963129647,1,
1102.400000000,3.1680836299558175,-3.651568376201308,-2.0610188288088453,1,
1102.500000000,3.133913301401587,-3.7155968458502153,-2.033594694488044,1,
1102.600000000,3.101086347154075,-3.781390381560963,-2.007122908572773,1,
1102.700000000,3.070012363053122,-3.8480297526458056,-1.9806511226575017,1,
1102.800000000,3.0407131230908613,-3.915468263929222,-1.954179336742229,1,
1102.900000000,3.0132091576704223,-3.9836586602665434,-1.9277075508269577,1,
1103.000000000,2.98751973921998,-4.052553159656319,-1.9012357649116858,1,
1103.100000000,2.9636628686882838,-4.1221034867218584,-1.874763978996415,1,
1103.200000000,2.941655262931131,-4.192260906538492,-1.8482921930811425,1,
1103.300000000,2.921512342997624,-4.262976258782839,-1.8218204071658706,1,
1103.400000000,2.9032482233244163,-4.334199992180158,-1.7953486212505991,1,
1103.500000000,2.886875701845522,-4.40588219922565,-1.7688768353353281,1,
1103.600000000,2.872116621605693,-4.479415657939859,-1.74535047261626,1,
1103.700000000,2.8590914409161305,-4.553275963029971,-1.721824109897193,1,
1103.800000000,2.847807368748228,-4.627422235460279,-1.6982977471781255,1,
1103.900000000,2.8382706504321185,-4.701813437922393,-1.674771384459058,1,
1104.000000000,2.830486564200109,-4.776408397547911,-1.6522591170897332,1,
1104.100000000,2.824383610214202,-4.851159678156646,-1.6297468497204077,1,
1104.200000000,2.8199648813341693,-4.926029397236424,-1.607234582351082,1,
1104.300000000,2.8172326168868724,-5.000979612252727,-1.584722314981757,1,
1104.400000000,2.8161882015314146,-5.075972339877246,-1.566453279876589,1,
1104.500000000,2.8165139290263035,-5.150971632551237,-1.5481842447714214,1,
1104.600000000,2.818209690660522,-5.225952459383701,-1.53572530668599,1,
1104.700000000,2.820839477995239,-5.300906339994208,-1.5232663686005583,1,
1104.800000000,2.824402882826632,-5.37582163980678,-1.5108074305151271,1,
1104.900000000,2.8288993520318484,-5.450686730234072,-1.4983484924296957,1,
1105.000000000,2.834328187654863,-5.525489990482394,-1.4871324679936757,1,
1105.100000000,2.840595659413985,-5.600227657008374,-1.4759164435576562,1,
1105.200000000,2.8477009788745216,-5.674890327971605,-1.4659739970959078,1,
1105.300000000,2.8555482645282186,-5.749478665584594,-1.4560315506341597,1,
1105.400000000,2.8641367406596885,-5.8239852966837065,-1.4473951479418536,1,
1105.500000000,2.8733683577672027,-5.898414976553905,-1.4387587452495474,1,
1105.600000000,2.883242427292248,-5.972762153709562,-1.443262245835739,1,
1105.700000000,2.892781575262787,-6.047153044657286,-1.4477657464219302,1,
1105.800000000,2.90198560821075,-6.121586140639469,-1.4522692470081227,1,
1105.900000000,2.910854339464697,-6.1960599320425205,-1.456772747594314,1,
1106.000000000,2.919387589153603,-6.270572908427488,-1.4612762481805064,1,
1106.100000000,2.9275851842105083,-6.34512355856069,-1.4657797487666977,1,
1106.200000000,2.9354469583760254,-6.419710370444363,-1.4702832493528897,1,
1106.300000000,2.9429727522017135,-6.494331831347332,-1.4747867499390812,1,
1106.400000000,2.950162413053311,-6.568986427835687,-1.479290250525273,1,
1106.500000000,2.957015795113832,-6.643672645803479,-1.483793751111465,1,
1106.600000000,2.9635327593865224,-6.71838897050343,-1.4882972516976567,1,
1106.700000000,2.969713173697681,-6.793133886577651,-1.4928007522838485,1,
1106.800000000,2.975556912699339,-6.86790587808838,-1.4973042528700398,1,
1106.900000000,2.9810638578718005,-6.942703428548723,-1.5018077534562317,1,
1107.000000000,2.98623389752605,-7.017525020953412,-1.509103719175298,1,
1107.100000000,2.9908579086472833,-7.092382342045946,-1.5163996848943644,1,
1107.200000000,2.9949356450953215,-7.167271407105274,-1.5236956506134303,1,
1107.300000000,2.998466889808666,-7.242188229720589,-1.5309916163324966,1,
1107.400000000,3.001451454816055,-7.317128822003521,-1.5382875820515634,1,
1107.500000000,3.003889181246467,-7.392089194800422,-1.5455835477706295,1,
1107.600000000,3.0057799393375806,-7.467065357904711,-1.5528795134896962,1,
1107.700000000,3.007123628442679,-7.5420533202692726,-1.5601754792087625,1,
1107.800000000,3.00792017703601,-7.617049090218907,-1.5632223539145105,1,
1107.900000000,3.0084882195710363,-7.692046939039246,-1.566269228620258,1,
1108.000000000,3.0088277507743713,-7.767046170492388,-1.5693161033260055,1,
1108.100000000,3.0089387674939974,-7.842046088327596,-1.5723629780317532,1,
1108.200000000,3.008821268699298,-7.917045996287761,-1.5754008504124704,1,
1108.300000000,3.008475930648272,-7.99204520122775,-1.5784387227931878,1,
1108.400000000,3.007902756527927,-8.067043011005287,-1.5814855974989352,1,
1108.500000000,3.007101076492056,-8.142038726277029,-1.5845324722046832,1,
1108.600000000,3.0060708979830055,-8.217031650824879,-1.5845324722046832,1,
1108.700000000,3.0050407194739552,-8.292024575372729,-1.5845324722046834,1,
1108.800000000,3.004010540964905,-8.367017499920578,-1.582985843066114,1,
1108.900000000,3.003096349884031,-8.44201192807806,-1.581439213927543,1,
1109.000000000,3.002298148418134,-8.51700768045391,-1.5798925847889733,1,
1109.100000000,3.001615938476561,-8.592004577653698,-1.5783459556504036,1,
1109.200000000,3.0010497216912,-8.667002440280255,-1.5767993265118334,1,
1109.300000000,3.000599499416477,-8.742001088934103,-1.5752526973732635,1,
1109.400000000,3.00026527272935,-8.817000344213882,-1.5737060682346946,1,
1109.500000000,3.00004704242931,-8.892000026716785,-1.5721594390961238,1,
1109.600000000,2.999944809038378,-8.966999957038977,-1.5662403687206632,1,
1109.700000000,3.0002865047118603,-9.04199917866205,-1.5603212983452028,1,
1109.800000000,3.00107211747835,-9.116995063966385,-1.5530253326261367,1,
1109.900000000,3.002404871889286,-9.191983221469288,-1.5457293669070709,1,
1110.000000000,3.004284697000979,-9.26695965948517,-1.5441827377685005,1,
1110.100000000,3.006280480561854,-9.341933100435805,-1.5426361086299303,1,
1110.200000000,3.0083922177978755,-9.41690336498013,-1.5353401429108646,1,
1110.300000000,3.0110508744564286,-9.491856227132097,-1.5280441771917985,1,
1110.400000000,3.0142563090148813,-9.566787697084925,-1.5207482114727322,1,
1110.500000000,3.0180083508451325,-9.641693786170553,-1.513452245753666,1,
1110.600000000,3.0223068002226947,-9.71657050707197,-1.4930221633430214,1,
1110.700000000,3.028133983735412,-9.791343790618361,-1.4725920809323758,1,
1110.800000000,3.0354874692698517,-9.865982428403994,-1.4532321203578897,1,
1110.900000000,3.0442844875946697,-9.94046472474744,-1.4338721597834032,1,
1111.000000000,3.054521741619359,-10.014762763954636,-1.4123916562872885,1,
1111.100000000,3.066352470500084,-10.088823778355945,-1.3909111527911735,1,
1111.200000000,3.079771215606105,-10.162613596622286,-1.368398885421848,1,
1111.300000000,3.0948475963379685,-10.236082656395961,-1.3458866180525229,1,
1111.400000000,3.1115739722757114,-10.309193724969669,-1.3531825837715894,1,
1111.500000000,3.1277664919159784,-10.382424881642901,-1.3604785494906557,1,
1111.600000000,3.1408851862559275,-10.443878044590095,-1.3233163675415665,1,
1111.700000000,3.1562780310069334,-10.504801371057638,-1.2861541855924778,1,
1111.800000000,3.1734571999126353,-10.563516094898738,-1.2473305097712577,1,
1111.900000000,3.1929023723566337,-10.621519783649113,-1.208506833950038,1,
1112.000000000,3.2145842427433533,-10.678725020617074,-1.1696831581288176,1,
1112.100000000,3.2384701345754947,-10.735045592448426,-1.1308594823075975,1,
1112.200000000,3.264524049700406,-10.790396619057613,-1.0920358064863773,1,
1112.300000000,3.2927067225624858,-10.84469468154953,-1.053212130665157,1,
1112.400000000,3.322975679379848,-10.89785794793917,-1.0143884548439368,1,
1112.500000000,3.355285302156071,-10.949806296479672,-0.9755647790227167,1,
1112.600000000,3.389586897430556,-11.000461436412877,-0.9367411032014965,1,
1112.700000000,3.4258287696638785,-11.04974702596044,-0.8979174273802762,1,
1112.800000000,3.4655157252923083,-11.099545528204429,-0.8615958795662205,1,
1112.900000000,3.506984866198854,-11.147870010873886,-0.8252743317521645,1,
1113.000000000,3.552515286506204,-11.197184488186414,-0.7923931580676757,1,
1113.100000000,3.5996423216523836,-11.244975485291544,-0.7595119843831869,1,
1113.200000000,3.6483150238167332,-11.29119133657649,-0.7266308106986978,1,
1113.300000000,3.6984807741978973,-11.335782079277935,-0.6937496370142088,1,
1113.400000000,3.7514497473420847,-11.379834229931724,-0.6626430626306907,1,
1113.500000000,3.80576318618287,-11.422217651861319,-0.6315364882471732,1,
1113.600000000,3.8662972867487153,-11.466496570871206,-0.609024220877848,1,
1113.700000000,3.9278127832226373,-11.509401625277032,-0.5865119535085228,1,
1113.800000000,3.9902785007334467,-11.550911071621927,-0.565031450012408,1,
1113.900000000,4.0536213828213175,-11.591069249977053,-0.5435509465162932,1,
1114.000000000,4.117812203442207,-11.629857631588262,-0.523120864105648,1,
1114.100000000,4.182782022988844,-11.66732658604495,-0.502690781695003,1,
1114.200000000,4.248503724764024,-11.703460474789097,-0.4822606992843579,1,
1114.300000000,4.314949878254636,-11.738244216484063,-0.46183061687371296,1,
1114.400000000,4.38209275058044,-11.771663293309146,-0.4414005344630679,1,
1114.500000000,4.449904318069043,-11.803703757018939,-0.420970452052423,1,
1114.600000000,4.518356277952247,-11.834352234764959,-0.40161049147793637,1,
1114.700000000,4.587388726318441,-11.863669824580098,-0.3822505309034501,1,
1114.800000000,4.656975790056783,-11.891645538338212,-0.36289057032896366,1,
1114.900000000,4.727091388188605,-11.918268890843423,-0.3435306097544773,1,
1115.000000000,4.79770924164247,-11.943529903759941,-0.32417064917999083,1,
1115.100000000,4.868802883103468,-11.967419109351901,-0.3048106886055045,1,
1115.200000000,4.9403456669330765,-11.989927554031842,-0.28545072803101806,1,
1115.300000000,5.0123107791558414,-12.011046801716473,-0.2660907674565316,1,
1115.400000000,5.0846712475091635,-12.030768936988492,-0.24673080688204513,1,
1115.500000000,5.157399951552402,-12.049086568063254,-0.22737084630755883,1,
1115.600000000,5.230469632831516,-12.065992829559182,-0.20801088573307247,1,
1115.700000000,5.303852905095437,-12.08148138507089,-0.18865092515858614,1,
1115.800000000,5.3775222645603336,-12.095546429544047,-0.16929096458409962,1,
1115.900000000,5.451450100217931,-12.108182691451082,-0.14993100400961326,1,
1116.000000000,5.525608704184018,-12.119385434766945,-0.13057104343512693,1,
1116.100000000,5.599970282083257,-12.12915046074414,-0.1112110828606405,1,
1116.200000000,5.674506963466421,-12.137474109486412,-0.10529201248518001,1,
1116.300000000,5.749091607117391,-12.145356427131485,-0.09937294210971957,1,
1116.400000000,5.813299613853118,-12.151758051527656,-0.13484659924198147,1,
1116.500000000,5.87724018437359,-12.160432863652511,-0.1703202563742434,1,
1116.600000000,5.940832865558522,-12.171369948437611,-0.20579391350650542,1,
1116.700000000,6.003997642018831,-12.18455554431357,-0.24126757063876722,1,
1116.800000000,6.067485918827453,-12.200177507862515,-0.2758855621253184,1,
1116.900000000,6.130395464099151,-12.217987509293193,-0.31050355361186965,1,
1117.000000000,6.1926508942280725,-12.237964207136322,-0.3451215450984208,1,
1117.100000000,6.254177609425156,-12.26008366360138,-0.37973953658497217,1,
1117.200000000,6.314901883109994,-12.28431937326092,-0.41435752807152326,1,
1117.300000000,6.374750950256333,-12.310642294811647,-0.44897551955807447,1,
1117.400000000,6.433653094585363,-12.339020885874186,-0.48359351104462567,1,
1117.500000000,6.491537734502305,-12.369421140789871,-0.5182115025311769,1,
1117.600000000,6.548335507673325,-12.401806631369235,-0.5528294940177281,1,
1117.700000000,6.6039783541414225,-12.436138550543387,-0.5874474855042794,1,
1117.800000000,6.657687377658978,-12.471901516257594,-0.6229211426365412,1,
1117.900000000,6.710094234402284,-12.50954683854565,-0.6583947997688032,1,
1118.000000000,6.735404570767981,-12.529125295814982,-0.7263959073505993,1,
1118.100000000,6.759326079325909,-12.550378308408607,-0.7943970149323958,1,
1118.200000000,6.760409825820478,-12.551481737502877,-0.8928503856198025,1,
1118.300000000,6.761379863247563,-12.55268634931613,-0.9913037563072092,1,
1118.400000000,6.7622267965627465,-12.553980476894928,-1.0897571269946158,1,
1118.500000000,6.762942423014367,-12.555351586304244,-1.1882104976820225,1,
1118.600000000,6.763519811589135,-12.556786398021615,-1.2866638683694294,1,
1118.700000000,6.763953370140648,-12.55827101555249,-1.3851172390568358,1,
1118.800000000,6.76423889955067,-12.55979106002111,-1.4835706097442425,1,
1118.900000000,6.764373634398596,-12.561331809433353,-1.5820239804316492,1,
1119.000000000,6.764356269745207,-12.562878341262765,-1.6804773511190556,1,
1119.100000000,6.764186973771324,-12.5644156769788,-1.7789307218064623,1,
1119.200000000,6.763867386148932,-12.56592892711747,-1.8773840924938692,1,
1119.300000000,6.763400602160568,-12.567403435489362,-1.9758374631812763,1,
1119.400000000,6.762791142720769,-12.568824921128337,-2.0742908338686816,1,
1119.500000000,6.762044910589932,-12.570179616606103,-2.1727442045560896,1,
1119.600000000,6.7611691332046675,-12.571454401373046,-2.271197575243496,1,
1119.700000000,6.7601722926783525,-12.572636928833898,-2.3696509459309025,1,
1119.800000000,6.75906404364983,-12.573715745927455,-2.468104316618309,1,
1119.900000000,6.757855119775925,-12.57468040405222,-2.566557687305716,1,
1120.000000000,6.756557229773413,-12.575521560263605,-2.6650110579931225,1,
1120.100000000,6.755182944017293,-12.576231067762578,-2.763464428680529,1,
1120.200000000,6.753745572793709,-12.57680205479937,-2.861917799367936,1,
1120.300000000,6.752259037386637,-12.577228991228004,-2.9603711700553426,1,
1120.400000000,6.750737735246929,-12.57750774206709,-3.0588245407427492,1,
1120.500000000,6.749196400549552,-12.577635607548098,3.1259073957494303,1,
1120.600000000,6.747649961489586,-12.577611349263275,3.0274540250620237,1,
1120.700000000,6.746113395699081,-12.57743520215991,2.929000654374617,1,
1120.800000000,6.744601585185115,-12.577108872264812,2.8305472836872103,1,
1120.900000000,6.74312917219399,-12.576635520161044,2.7320939129998036,1,
1121.000000000,6.741710417397583,-12.576019730376911,2.633640542312397,1,
1121.100000000,6.7403590617753215,-12.575267466983707,2.5351871716249903,1,
1121.200000000,6.739088193529518,-12.574386015832262,2.4367338009375836,1,
1121.300000000,6.737910121323002,-12.573383913987735,2.338280430250177,1,
1121.400000000,6.736836255066769,-12.572270867046093,2.2398270595627703,1,
1121.500000000,6.7358769954122755,-12.571057655133098,2.1413736888753636,1,
1121.600000000,6.724274987891548,-12.552979893738348,2.0628541924904216,1,
1121.700000000,6.714126725598124,-12.53404778323845,1.984334696105478,1,
1121.800000000,6.7046726110972426,-12.51250458321617,1.9078610589394496,1,
1121.900000000,6.696892009504884,-12.490302061128428,1.8313874217734216,1,
1122.000000000,6.690830401297504,-12.467569998878473,1.754913784607393,1,
1122.100000000,6.6865232188033215,-12.444441273726456,1.678440147441364,1,
1122.200000000,6.683995639087335,-12.421051081573014,1.6019665102753358,1,
1122.300000000,6.683262436782123,-12.397536146689513,1.5254928731093071,1,
1122.400000000,6.6843278977246845,-12.374033922514435,1.4490192359432787,1,
1122.500000000,6.6871857939041455,-12.350681788187503,1.37254559877725,1,
1122.600000000,6.693833803311523,-12.317588926163438,1.306299614035058,1,
1122.700000000,6.702657896668052,-12.285008733983839,1.240053629292866,1,
1122.800000000,6.713619363330963,-12.253084138534213,1.1738076445506744,1,
1122.900000000,6.726670116159391,-12.221955190645863,1.107561659808482,1,
1123.000000000,6.7413628783099036,-12.192539304974144,1.040442833593236,1,
1123.100000000,6.757995435558026,-12.164175073469464,0.9733240073779897,1,
1123.200000000,6.776492887408828,-12.136990227240537,0.9062051811627437,1,
1123.300000000,6.796771935288439,-12.11110718633419,0.8390863549474978,1,
1123.400000000,6.818741257658008,-12.086642508447794,0.7719675287322509,1,
1123.500000000,6.8423019212570475,-12.063706364041288,0.7048487025170049,1,
1123.600000000,6.867347826624234,-12.042402040212517,0.6377298763017587,1,
1123.700000000,6.8937661858893655,-12.022825475570027,0.5706110500865125,1,
1123.800000000,6.931636884300245,-11.998518887947075,0.5467847765853799,1,
1123.900000000,6.970075914397585,-11.975121431564471,0.5229585030842474,1,
1124.000000000,7.0350518165855735,-11.93766302616786,0.5354174411696787,1,
1124.100000000,7.099555996012107,-11.899398018177406,0.54787637925511,1,
1124.200000000,7.163578440136536,-11.86033234720743,0.5638964143281404,1,
1124.300000000,7.226966862377565,-11.82024609113639,0.5799164494011708,1,
1124.400000000,7.28970499498184,-11.7791495375421,0.599276409975657,1,
1124.500000000,7.351635792617049,-11.736846153466274,0.6186363705501434,1,
1124.600000000,7.412736043845243,-11.693351794063569,0.6369054056553115,1,
1124.700000000,7.47303154324018,-11.648748512203204,0.6551744407604797,1,
1124.800000000,7.532502167277766,-11.603051194157391,0.6723305796237149,1,
1124.900000000,7.591180088367807,-11.556340364828948,0.6894867184869495,1,
1125.000000000,7.649048036079457,-11.508629772423888,0.7119989858562746,1,
1125.100000000,7.705827337718252,-11.45962864074909,0.7345112532255997,1,
1125.200000000,7.761489218625507,-11.409361802636209,0.7570235205949248,1,
1125.300000000,7.816005470429888,-11.357854732352592,0.7795357879642498,1,
1125.400000000,7.869348465342867,-11.305133532691414,0.7966919268274849,1,
1125.500000000,7.921779162291106,-11.251504976701886,0.8138480656907199,1,
1125.600000000,7.9732821295635095,-11.196984848656019,0.8263070037761514,1,
1125.700000000,8.024101854283256,-11.141827296322642,0.8387659418615824,1,
1125.800000000,8.074230448053592,-11.08604088142969,0.8432694424477741,1,
1125.900000000,8.124107300179874,-11.030029278864033,0.8477729430339659,1,
1126.000000000,8.17373139908556,-10.97379362462405,0.8602318811193967,1,
1126.100000000,8.222651028178815,-10.916944087340285,0.8726908192048282,1,
1126.200000000,8.270858594001679,-10.85948949137587,0.8771943197910196,1,
1126.300000000,8.318806925032098,-10.801818375976588,0.8816978203772112,1,
1126.400000000,8.366495048806797,-10.743931910798198,0.886201320963403,1,
1126.500000000,8.413921998139894,-10.685831269864076,0.8907048215495942,1,
1126.600000000,8.461086811142511,-10.627517631541398,0.8952083221357857,1,
1126.700000000,8.507988531242283,-10.568992178517242,0.8997118227219775,1,
1126.800000000,8.554626207202759,-10.510256097774603,0.9042153233081691,1,
1126.900000000,8.600998893142695,-10.45131058056832,0.9087188238943606,1,
1127.000000000,8.635130218899599,-10.407520984625341,0.9531987724645086,1,
1127.100000000,8.667280669615515,-10.362257040591079,0.997678721034657,1,
1127.200000000,8.678928561573064,-10.34420880941731,1.0761982174195992,1,
1127.300000000,8.689124883246281,-10.325302539031727,1.1547177138045412,1,
1127.400000000,8.689124883246281,-10.325302539031727,1.2547177138045413,1,
1127.500000000,8.689124883246281,-10.325302539031727,1.3547177138045414,1,
1127.600000000,8.689124883246281,-10.325302539031727,1.4547177138045417,1,
1127.700000000,8.689124883246281,-10.325302539031727,1.5547177138045418,1,
1127.800000000,8.689124883246281,-10.325302539031727,1.654717713804542,1,
1127.900000000,8.689124883246281,-10.325302539031727,1.754717713804542,1,
1128.000000000,8.689124883246281,-10.325302539031727,1.8547177138045425,1,
1128.100000000,8.689124883246281,-10.325302539031727,1.9547177138045422,1,
1128.200000000,8.689124883246281,-10.325302539031727,2.0547177138045427,1,
1128.300000000,8.689124883246281,-10.325302539031727,2.154717713804542,1,
1128.400000000,8.689124883246281,-10.325302539031727,2.254717713804542,1,
1128.500000000,8.689124883246281,-10.325302539031727,2.354717713804542,1,
1128.600000000,8.689124883246281,-10.325302539031727,2.454717713804542,1,
1128.700000000,8.689124883246281,-10.325302539031727,2.5547177138045423,1,
1128.800000000,8.689124883246281,-10.325302539031727,2.6547177138045424,1,
1128.900000000,8.689124883246281,-10.325302539031727,2.7547177138045424,1,
1129.000000000,8.689124883246281,-10.325302539031727,2.8547177138045425,1,
1129.100000000,8.689124883246281,-10.325302539031727,2.9547177138045426,1,
1129.200000000,8.689124883246281,-10.325302539031727,3.0547177138045427,1,
1129.300000000,8.689124883246281,-10.325302539031727,-3.1284675933750434,1,
1129.400000000,8.689124883246281,-10.325302539031727,-3.0284675933750433,1,
1129.500000000,8.689124883246281,-10.325302539031727,-2.9284675933750433,1,
1129.600000000,8.673467306299582,-10.32869102130301,-2.8444876285792677,1,
1129.700000000,8.658149140745396,-10.33338093942587,-2.760507663783492,1,
1129.800000000,8.648919948909523,-10.3370788121429,-2.6704501103925873,1,
1129.900000000,8.64006072923135,-10.341591734839842,-2.5803925570016824,1,
1130.000000000,8.623670256875965,-10.351895156319761,-2.499752517699615,1,
1130.100000000,8.608163015868755,-10.363485391630995,-2.419112478397548,1,
1130.200000000,8.593639792309821,-10.37628711244043,-2.3384724390954807,1,
1130.300000000,8.580194976881732,-10.390217116615952,-2.2578323997934135,1,
1130.400000000,8.565916605610784,-10.407622009641159,-2.180344667279607,1,
1130.500000000,8.553028395512547,-10.426079968028631,-2.1028569347658004,1,
1130.600000000,8.536963573342213,-10.453369146587418,-2.051181631475383,1,
1130.700000000,8.522329744698112,-10.481451682744128,-1.9995063281849645,1,
1130.800000000,8.51055163777669,-10.507220927496842,-1.9877702772659556,1,
1130.900000000,8.499076764200197,-10.5331266228973,-1.9760342263469453,1,
1131.000000000,8.487249642102178,-10.560696881925436,-1.9812700645076735,1,
1131.100000000,8.475278329363388,-10.588204838434601,-1.9865059026684007,1,
1131.200000000,8.463836219453476,-10.614125021662876,-1.9905383331419813,1,
1131.300000000,8.45228968151716,-10.639998854766283,-1.9945707636155618,1,
1131.400000000,8.441324243201347,-10.664306678067707,-2.0005314698191166,1,
1131.500000000,8.430214108750922,-10.68854870817256,-2.0064921760226713,1,
1131.600000000,8.418959672908,-10.712724083763616,-2.0146959138703138,1,
1131.700000000,8.407507289563021,-10.736806318436312,-2.0228996517179563,1,
1131.800000000,8.375385863999636,-10.802947170307643,-2.049371437633228,1,
1131.900000000,8.34152503042109,-10.868214637056825,-2.075843223548501,1,
1132.000000000,8.30523639422357,-10.933851020891737,-2.0993695862675676,1,
1132.100000000,8.267413757327656,-10.998615580167932,-2.1228959489866353,1,
1132.200000000,8.22807805320935,-11.062472470019515,-2.1454082163559605,1,
1132.300000000,8.18731487442634,-11.125427718057342,-2.1679204837252857,1,
1132.400000000,8.18731487442634,-11.125427718057342,-2.1679204837252857,1,
1132.500000000,8.18731487442634,-11.125427718057342,-2.1679204837252857,1,
1132.600000000,8.152917470260956,-11.176017847793393,-2.206744159546506,1,
1132.700000000,8.116582384633794,-11.225234757412892,-2.245567835367726,1,
1132.800000000,8.069728465965943,-11.283798485995234,-2.2410643347815347,0,
1132.900000000,8.023138763326061,-11.342572626634867,-2.2365608341953434,0,
1133.000000000,8.023138763326061,-11.342572626634867,-2.2365608341953434,0,
1133.100000000,8.023138763326061,-11.342572626634867,-2.2365608341953434,0,
1133.200000000,8.023138763326061,-11.342572626634867,-2.2365608341953434,0,
1133.300000000,8.023138763326061,-11.342572626634867,-2.2365608341953434,0,
1133.400000000,8.023138763326061,-11.342572626634867,-2.2365608341953434,0,
1133.500000000,8.023138763326061,-11.342572626634867,-2.2365608341953434,0,
1133.600000000,8.023138763326061,-11.342572626634867,-2.2365608341953434,0,
1133.700000000,8.023138763326061,-11.342572626634867,-2.2365608341953434,0,
1133.800000000,8.023138763326061,-11.342572626634867,-2.2365608341953434,0,
1133.900000000,8.023138763326061,-11.342572626634867,-2.2365608341953434,0,
1134.000000000,8.023138763326061,-11.342572626634867,-2.2365608341953434,0,
1134.100000000,8.023138763326061,-11.342572626634867,-2.2365608341953434,0,
1134.200000000,8.023138763326061,-11.342572626634867,-2.2365608341953434,0,
1134.300000000,8.023138763326061,-11.342572626634867,-2.2365608341953434,0,
1134.400000000,8.023138763326061,-11.342572626634867,-2.2365608341953434,0,
1134.500000000,8.023138763326061,-11.342572626634867,-2.2365608341953434,0,
1134.600000000,8.023138763326061,-11.342572626634867,-2.2365608341953434,0,
1134.700000000,8.023138763326061,-11.342572626634867,-2.2365608341953434,0,
